[{"id": 0, "img_name": "1436", "width": 2736, "height": 3648, "position": [3.9511513240176632, -0.029784302859581686, 1.7025357697997439], "rotation": [[-0.21238243111258676, 0.4490810811597433, -0.8678824145580454], [-0.7300796783204713, 0.5174135964665475, 0.44639313782251355], [0.649520874382174, 0.7284293738832535, 0.21797541376464283]], "fy": 6013.4226670497355, "fx": 6013.422667049735}, {"id": 1, "img_name": "1444", "width": 2736, "height": 3648, "position": [-2.105396274045671, 2.8474011354791156, -0.9017820450907827], "rotation": [[0.8332830911926473, -0.2746477729061826, 0.4797998444873653], [0.4339234046622524, 0.8626814715072266, -0.25979060337980975], [-0.34256352523108063, 0.42467549912350766, 0.8380339799945193]], "fy": 6013.4226670497355, "fx": 6013.422667049735}, {"id": 2, "img_name": "1452", "width": 2736, "height": 3648, "position": [-0.9537498464450727, -2.0202341964743975, 3.217751999482405], "rotation": [[-0.9620591982620829, -0.13801684695708885, 0.2353581292314797], [0.21180901807815627, 0.1659561277365989, 0.9631175958975313], [-0.17198557759325536, 0.9764271163905153, -0.13042640636472796]], "fy": 6013.4226670497355, "fx": 6013.422667049735}, {"id": 3, "img_name": "1460", "width": 2736, "height": 3648, "position": [2.9775392714188436, 2.292574424680098, -0.24788907819910572], "rotation": [[0.6089459408774904, 0.3861500449539691, -0.6928729925973991], [-0.617963885379558, 0.7785872368494049, -0.10919043447944053], [0.4972981776112078, 0.49466155843895543, 0.7127443196177121]], "fy": 6013.4226670497355, "fx": 6013.422667049735}, {"id": 4, "img_name": "1468", "width": 2736, "height": 3648, "position": [-3.282103743979074, 0.9623159564088414, -0.5871105883893032], "rotation": [[0.3623692958418294, -0.5893532065752368, 0.722046599140653], [0.7334033395215225, 0.6583716641174431, 0.16931123254500033], [-0.5751591388561735, 0.468198194984469, 0.6708072861884476]], "fy": 6013.4226670497355, "fx": 6013.422667049735}, {"id": 5, "img_name": "1476", "width": 2736, "height": 3648, "position": [1.6647001659220513, -1.939437845352986, 2.0342572485179735], "rotation": [[-0.8168472612698873, 0.32624467675354757, -0.4757362322189238], [-0.4680210727645645, 0.10729491128024832, 0.8771796152793736], [0.3372192568703495, 0.9391763481388025, 0.06504582917045748]], "fy": 6013.4226670497355, "fx": 6013.422667049735}, {"id": 6, "img_name": "1484", "width": 2736, "height": 3648, "position": [0.02264169437212114, 2.578958614764197, -1.5249140684887421], "rotation": [[0.9995680922899094, -0.022797341339568303, 0.0185448133923786], [0.02676847545622568, 0.9667228293504443, -0.254421736363899], [-0.012127555304362788, 0.25480826603648293, 0.9669155443790428]], "fy": 6013.4226670497355, "fx": 6013.422667049735}, {"id": 7, "img_name": "1492", "width": 2736, "height": 3648, "position": [-2.7744233145765893, -2.81142219155657, 1.6118975795544817], "rotation": [[-0.7278854797305594, -0.4785552668983256, 0.4910881641022166], [0.48686943351960776, 0.14361942467734823, 0.8615866848783376], [-0.48284664553221185, 0.8662322537167614, 0.12845543787271413]], "fy": 6013.4226670497355, "fx": 6013.422667049735}, {"id": 8, "img_name": "1500", "width": 2736, "height": 3648, "position": [3.9027877968937417, -0.12355807242801439, -0.1889482832627191], "rotation": [[0.025157354863762953, 0.6451711945174332, -0.7636237537303348], [-0.7971274138416682, 0.4739221080497363, 0.3741466578813554], [0.6032868253147523, 0.5992928877157166, 0.5262062724208112]], "fy": 6013.4226670497355, "fx": 6013.422667049735}, {"id": 9, "img_name": "1508", "width": 2736, "height": 3648, "position": [-2.846784051180233, 0.7447215709975509, -2.2501970303273904], "rotation": [[0.6422417662469526, -0.5614867694674336, 0.52178359633187], [0.6055080352521166, 0.7890426127171117, 0.1037871599075509], [-0.46998460925132013, 0.24928771134891367, 0.8467408718358318]], "fy": 6013.4226670497355, "fx": 6013.422667049735}, {"id": 10, "img_name": "1516", "width": 2736, "height": 3648, "position": [0.8151632793870205, -4.028254034315373, 1.766180615745154], "rotation": [[-0.9745980165654036, 0.13644363289110015, -0.17760022846341947], [-0.19381514076460743, -0.11646925277674326, 0.9740998944502675], [0.11222476249551828, 0.983777438347264, 0.1399555446622924]], "fy": 6013.4226670497355, "fx": 6013.422667049735}, {"id": 11, "img_name": "1524", "width": 2736, "height": 3648, "position": [2.1397524849163374, 1.538898274937015, -2.472649174441485], "rotation": [[0.8313938947476286, 0.4026289542702738, -0.38298056995048024], [-0.4294571159242331, 0.9029279080601565, 0.016964033369146658], [0.35263405586869906, 0.15036993725254863, 0.9236006196469639]], "fy": 6013.4226670497355, "fx": 6013.422667049735}, {"id": 12, "img_name": "1532", "width": 2736, "height": 3648, "position": [-2.6430564867069446, -2.5047243581829686, 0.7531462934883949], "rotation": [[-0.5762914169838755, -0.6225474686069506, 0.5294552408294726], [0.6366123943070195, 0.06427236935069587, 0.7685009576784739], [-0.5124576686180049, 0.7799382743968433, 0.3592818197536214]], "fy": 6013.4226670497355, "fx": 6013.422667049735}, {"id": 13, "img_name": "1437", "width": 2736, "height": 3648, "position": [3.8382616295955265, 0.9815269464673552, 0.8577665502965883], "rotation": [[0.1301411038161536, 0.4769115046376699, -0.8692633144460582], [-0.7526912959664649, 0.6181942455558281, 0.22647668254808048], [0.6453829143026922, 0.6248130052310805, 0.43941961997647433]], "fy": 6013.4226670497355, "fx": 6013.422667049735}, {"id": 14, "img_name": "1438", "width": 2736, "height": 3648, "position": [3.536909285537478, 1.862759410875452, 0.014125706428341964], "rotation": [[0.4227777461667079, 0.434119070935025, -0.7954870266677575], [-0.6920023700489469, 0.7214295572226058, 0.0259251579018441], [0.5851424588874397, 0.5395183279705202, 0.6054157881911034]], "fy": 6013.4226670497355, "fx": 6013.422667049735}, {"id": 15, "img_name": "1439", "width": 2736, "height": 3648, "position": [2.995288859100699, 2.7006862135193797, -0.6700228026919054], "rotation": [[0.6804425554077879, 0.3329601878474816, -0.652790503989365], [-0.5528941588755707, 0.8179151649722267, -0.15913149276535535], [0.48094280103916165, 0.46920389620827424, 0.7406360279594697]], "fy": 6013.4226670497355, "fx": 6013.422667049735}, {"id": 16, "img_name": "1440", "width": 2736, "height": 3648, "position": [1.8215226492169259, 3.1721894515175935, -0.7433896193229407], "rotation": [[0.8709270560253968, 0.20952620467953073, -0.4445051547907252], [-0.36366326012138434, 0.883174058667497, -0.29623067925970653], [0.33050733172022306, 0.4196455071240154, 0.845377165547903]], "fy": 6013.4226670497355, "fx": 6013.422667049735}, {"id": 17, "img_name": "1441", "width": 2736, "height": 3648, "position": [1.1303119754220914, 3.350273858557002, -1.1675763277018831], "rotation": [[0.9589714753476405, 0.10771805141604762, -0.2622413599505223], [-0.19517833543712462, 0.9217368960573346, -0.335121637353639], [0.20561888737555925, 0.3725559231118468, 0.9049436210663715]], "fy": 6013.4226670497355, "fx": 6013.422667049735}, {"id": 18, "img_name": "1442", "width": 2736, "height": 3648, "position": [0.04328978531897794, 3.3963487437532387, -1.1784871079549148], "rotation": [[0.9992810444159683, -0.022476972416436508, -0.030531622654590466], [0.00989017787977429, 0.9319687901902233, -0.36240358509937215], [0.03660025481383939, 0.36184106983917985, 0.9315210472797703]], "fy": 6013.4226670497355, "fx": 6013.422667049735}, {"id": 19, "img_name": "1443", "width": 2736, "height": 3648, "position": [-1.1422688996415706, 3.2150041404798992, -1.121497236897075], "rotation": [[0.9552341404115196, -0.16262483077827117, 0.24714550654746703], [0.242396431844314, 0.9091563646426549, -0.3386423990862585], [-0.16962224742471196, 0.38338996993151847, 0.9078768771890267]], "fy": 6013.4226670497355, "fx": 6013.422667049735}, {"id": 20, "img_name": "1445", "width": 2736, "height": 3648, "position": [-2.6024518859976227, 2.284553144475998, -0.25223838164834134], "rotation": [[0.6453525490510451, -0.38941371815283415, 0.6571735262072748], [0.6173359575908767, 0.7725684412646344, -0.14843961407686362], [-0.44990710474349443, 0.5014927314291983, 0.7389781034814281]], "fy": 6013.4226670497355, "fx": 6013.422667049735}, {"id": 21, "img_name": "1446", "width": 2736, "height": 3648, "position": [-3.2378237629663698, 1.630731222250851, 0.1173812531562592], "rotation": [[0.41275021860798616, -0.4527936348505701, 0.7903259968379303], [0.7189261913376339, 0.6947202883180037, 0.022557757160537237], [-0.5592695132472565, 0.5588753396224945, 0.6122711542397029]], "fy": 6013.4226670497355, "fx": 6013.422667049735}, {"id": 22, "img_name": "1447", "width": 2736, "height": 3648, "position": [-3.532771477975021, 0.8913687571698783, 0.6120043472177239], "rotation": [[0.15339121403231154, -0.49644175501080945, 0.8544101587290972], [0.767206640948631, 0.6047686954318211, 0.21365578651188388], [-0.6227881706824658, 0.622736227392851, 0.47363961568951063]], "fy": 6013.4226670497355, "fx": 6013.422667049735}, {"id": 23, "img_name": "1448", "width": 2736, "height": 3648, "position": [-3.4688057751183856, 0.18717554762117822, 1.2574156520366184], "rotation": [[-0.0780604183034722, -0.5145343066792816, 0.8539092565046698], [0.7781546512154079, 0.5039753032617178, 0.37481226299853976], [-0.6232029443817749, 0.6937314616999368, 0.3610467409651492]], "fy": 6013.4226670497355, "fx": 6013.422667049735}, {"id": 24, "img_name": "1449", "width": 2736, "height": 3648, "position": [-3.2990401073223796, -0.6518749562528366, 1.8870470335378857], "rotation": [[-0.37381093479727384, -0.471932396634533, 0.798464274737933], [0.7176885852930073, 0.39814424706100704, 0.5713179964541161], [-0.5875274287776779, 0.7866136100646934, 0.18986982091654497]], "fy": 6013.4226670497355, "fx": 6013.422667049735}, {"id": 25, "img_name": "1450", "width": 2736, "height": 3648, "position": [-2.7918533573265316, -1.2849512694656542, 2.4473879767783813], "rotation": [[-0.5882479277174499, -0.4228566232016398, 0.6893160753606669], [0.6195816583977419, 0.3121218975366994, 0.7202072546532658], [-0.5196950491521254, 0.850748022209042, 0.07838914844653921]], "fy": 6013.4226670497355, "fx": 6013.422667049735}, {"id": 26, "img_name": "1451", "width": 2736, "height": 3648, "position": [-1.4888918252557528, -1.8129542772334497, 3.0990666766203354], "rotation": [[-0.856069676990297, -0.29546097194111354, 0.42408433382682353], [0.37247562999616574, 0.21618857006730544, 0.9025100593518129], [-0.3583386850406856, 0.930572574403451, -0.07502046768346661]], "fy": 6013.4226670497355, "fx": 6013.422667049735}, {"id": 27, "img_name": "1453", "width": 2736, "height": 3648, "position": [0.1272888173850503, -1.9587480876035956, 3.3221341847419197], "rotation": [[-0.9958122356855269, 0.03999571143820698, -0.08220908906893357], [-0.07474164382251963, 0.1616671924433252, 0.9840108767519798], [0.052646727701727, 0.9860345135714289, -0.1580008231252471]], "fy": 6013.4226670497355, "fx": 6013.422667049735}, {"id": 28, "img_name": "1454", "width": 2736, "height": 3648, "position": [1.1046324436843071, -1.9561563032474933, 3.1364342062336896], "rotation": [[-0.9406922975803941, 0.16159218089855995, -0.2983051597699362], [-0.26583055105771985, 0.1952338021419729, 0.9440433679792145], [0.21078927723503632, 0.9673529498449035, -0.1406987954074059]], "fy": 6013.4226670497355, "fx": 6013.422667049735}, {"id": 29, "img_name": "1455", "width": 2736, "height": 3648, "position": [2.167160369851681, -1.7207961228097297, 2.9573961284966823], "rotation": [[-0.7980790390746026, 0.29468165317728184, -0.5255783202059069], [-0.4755417923418009, 0.22763558322282637, 0.8497305719974719], [0.3700403371608374, 0.9280866147787649, -0.04153774599549046]], "fy": 6013.4226670497355, "fx": 6013.422667049735}, {"id": 30, "img_name": "1456", "width": 2736, "height": 3648, "position": [2.932897069741136, -0.8916195820898236, 2.371291275190361], "rotation": [[-0.5894234955658829, 0.405363131519187, -0.6987565201698323], [-0.622602677620762, 0.3231962309078155, 0.7126781195928771], [0.514728907964525, 0.8551169089264578, 0.061880718917180395]], "fy": 6013.4226670497355, "fx": 6013.422667049735}, {"id": 31, "img_name": "1457", "width": 2736, "height": 3648, "position": [3.5844696997587056, -0.04259493360732143, 1.6026416542572832], "rotation": [[-0.22026886373128016, 0.48600791707189783, -0.8457410550599789], [-0.7620596039674964, 0.4554820295275029, 0.4602187314510454], [0.6088897992834444, 0.7458769505226329, 0.27003849171483785]], "fy": 6013.4226670497355, "fx": 6013.422667049735}, {"id": 32, "img_name": "1458", "width": 2736, "height": 3648, "position": [3.5818133510921033, 0.7730597720394019, 0.9377241184601751], "rotation": [[0.06698808408713589, 0.4940720851703402, -0.8668364155051209], [-0.769515981381358, 0.5785967484822323, 0.2703164017304046], [0.6351045197359405, 0.6489364971252736, 0.4189554531328596]], "fy": 6013.4226670497355, "fx": 6013.422667049735}, {"id": 33, "img_name": "1459", "width": 2736, "height": 3648, "position": [3.434716234035194, 1.4815724975498905, 0.331285499330823], "rotation": [[0.3487501684580638, 0.45180681426763225, -0.8211235732712858], [-0.7219772844178404, 0.6881598466587889, 0.07200573748801425], [0.5975969551337361, 0.5677205545229846, 0.5661901192947489]], "fy": 6013.4226670497355, "fx": 6013.422667049735}, {"id": 34, "img_name": "1461", "width": 2736, "height": 3648, "position": [2.400822013808188, 2.7412803310757443, -0.6813362271679705], "rotation": [[0.7761864575868512, 0.2835928839222772, -0.5631249055470915], [-0.4722059323773778, 0.8532981778891993, -0.22114198388949927], [0.4177991628598439, 0.43755833416770623, 0.7962327321292408]], "fy": 6013.4226670497355, "fx": 6013.422667049735}, {"id": 35, "img_name": "1462", "width": 2736, "height": 3648, "position": [1.5985863013678563, 3.0901539915229823, -1.0323367171134816], "rotation": [[0.9068782320883254, 0.18098852500517099, -0.3805456949970734], [-0.30656447171350926, 0.9029640192026698, -0.3011215779521245], [0.2891195200040461, 0.3897423942064977, 0.8743630649283037]], "fy": 6013.4226670497355, "fx": 6013.422667049735}, {"id": 36, "img_name": "1463", "width": 2736, "height": 3648, "position": [0.5651580144709618, 3.2595138433143154, -1.184830900445524], "rotation": [[0.9894836778801939, 0.04361779646551962, -0.13791134485667758], [-0.08994640230606375, 0.9322317034821931, -0.3505049154218588], [0.11327707588422592, 0.3592235221337562, 0.92635131846667]], "fy": 6013.4226670497355, "fx": 6013.422667049735}, {"id": 37, "img_name": "1464", "width": 2736, "height": 3648, "position": [0.6870168924816021, 2.876171685955095, -1.575180450935457], "rotation": [[0.9922954611846474, 0.02561318444517097, -0.12121750077825094], [-0.05945956895514549, 0.9568104263169689, -0.2845669828894568], [0.10869350197696231, 0.289582065870312, 0.9509615921551544]], "fy": 6013.4226670497355, "fx": 6013.422667049735}, {"id": 38, "img_name": "1465", "width": 2736, "height": 3648, "position": [-0.6760658368646224, 2.8041982596492354, -2.067091354004143], "rotation": [[0.975984639251653, -0.1586857497290107, 0.1492408013170752], [0.19111630443165104, 0.9525163075037154, -0.23703848236072508], [-0.10453966771139757, 0.25986826811372926, 0.9599687188145046]], "fy": 6013.4226670497355, "fx": 6013.422667049735}, {"id": 39, "img_name": "1466", "width": 2736, "height": 3648, "position": [-1.778761675173773, 2.264322093626575, -1.577126038874445], "rotation": [[0.8523959738549177, -0.33712699537847235, 0.399708009355592], [0.42898315159176464, 0.8879469335525804, -0.16590267883601725], [-0.29898922958247787, 0.31288277706139883, 0.9015041921211588]], "fy": 6013.4226670497355, "fx": 6013.422667049735}, {"id": 40, "img_name": "1467", "width": 2736, "height": 3648, "position": [-2.7315361284472988, 1.640449504769366, -1.1948484531993648], "rotation": [[0.6221678681456638, -0.4766997701530653, 0.6210188990546864], [0.6139204798387415, 0.789314596921853, -0.009171233322843773], [-0.48580735717118273, 0.3869622671813203, 0.7837419316945108]], "fy": 6013.4226670497355, "fx": 6013.422667049735}, {"id": 41, "img_name": "1469", "width": 2736, "height": 3648, "position": [-3.5973418961518404, -0.11624636223336299, 0.27195643885268156], "rotation": [[0.01133413743546581, -0.6265937966965203, 0.7792635954990029], [0.7600642219522123, 0.5117894796618582, 0.4004671110286364], [-0.6497491176113837, 0.5877514291338508, 0.4820522188667366]], "fy": 6013.4226670497355, "fx": 6013.422667049735}, {"id": 42, "img_name": "1470", "width": 2736, "height": 3648, "position": [-3.469430977843386, -0.8386218448477839, 0.8999145110620843], "rotation": [[-0.2895640525540793, -0.5964563354828307, 0.7485936810652698], [0.7332565177284472, 0.36446157458428075, 0.5740232049841698], [-0.6152134090518587, 0.7151276812667368, 0.33182052499634596]], "fy": 6013.4226670497355, "fx": 6013.422667049735}, {"id": 43, "img_name": "1471", "width": 2736, "height": 3648, "position": [-3.1176169395656284, -1.730053292335853, 1.5172615280697916], "rotation": [[-0.5644244314523554, -0.5210923296243501, 0.6402248395574417], [0.6249451401765016, 0.23697462047505471, 0.7438323742756], [-0.5393223831341114, 0.8199425670480653, 0.1918998535517192]], "fy": 6013.4226670497355, "fx": 6013.422667049735}, {"id": 44, "img_name": "1472", "width": 2736, "height": 3648, "position": [-2.2931624057805844, -2.281490885836186, 2.0888560030712395], "rotation": [[-0.7740893908748276, -0.41126345788267216, 0.4812982268255569], [0.47521299954899887, 0.12483276264319881, 0.8709703705812898], [-0.41828007362852093, 0.9029280976806814, 0.09880602422962269]], "fy": 6013.4226670497355, "fx": 6013.422667049735}, {"id": 45, "img_name": "1473", "width": 2736, "height": 3648, "position": [-1.2745488936432892, -2.4951692860096375, 2.273759891350737], "rotation": [[-0.9295284599768955, -0.263159762306577, 0.25830946865286714], [0.2578947660121663, 0.03674775638423562, 0.9654739209653747], [-0.2635661809802438, 0.9640521468797579, 0.03370943992442741]], "fy": 6013.4226670497355, "fx": 6013.422667049735}, {"id": 46, "img_name": "1474", "width": 2736, "height": 3648, "position": [-0.24968758040567648, -2.4762766748978793, 2.4588210447621646], "rotation": [[-0.999282008554698, -0.037492143949201966, -0.005459534868568624], [-0.005682716016069225, 0.005848759737018011, 0.9999667488212893], [-0.03745896578350112, 0.9992798062362868, -0.006057617584458135]], "fy": 6013.4226670497355, "fx": 6013.422667049735}, {"id": 47, "img_name": "1475", "width": 2736, "height": 3648, "position": [0.7406798539647047, -2.394242671497009, 2.2606679658554816], "rotation": [[-0.964997770943901, 0.1401230222792392, -0.22168635659560615], [-0.22022087147175567, 0.026077277542538742, 0.9751014015804663], [0.1424151320665149, 0.9897906416123063, 0.00569349937875496]], "fy": 6013.4226670497355, "fx": 6013.422667049735}, {"id": 48, "img_name": "1477", "width": 2736, "height": 3648, "position": [2.577225234445668, -1.399225485638447, 1.4996792460914041], "rotation": [[-0.577900649831445, 0.47527391501475724, -0.6634346573935814], [-0.6524975195535127, 0.21919053225351098, 0.725398164835655], [0.4901814214154869, 0.852097539180209, 0.1834446996294118]], "fy": 6013.4226670497355, "fx": 6013.422667049735}, {"id": 49, "img_name": "1478", "width": 2736, "height": 3648, "position": [3.045614053274063, -0.41178804484639886, 1.0048988768630553], "rotation": [[-0.2161527956848684, 0.6003910637822308, -0.7699406077406599], [-0.7650275271227645, 0.38581990354091994, 0.5156315397414155], [0.6066389796757566, 0.7004809580296358, 0.3759196400506901]], "fy": 6013.4226670497355, "fx": 6013.422667049735}, {"id": 50, "img_name": "1479", "width": 2736, "height": 3648, "position": [3.422057365813958, 0.08767119115453992, 0.4116166969123544], "rotation": [[0.05886563840096882, 0.6090747260919959, -0.7909252901833437], [-0.7727018705366424, 0.5294301584385211, 0.3501935559157763], [0.6320337458433843, 0.5905350839465191, 0.5017984244130881]], "fy": 6013.4226670497355, "fx": 6013.422667049735}, {"id": 51, "img_name": "1480", "width": 2736, "height": 3648, "position": [3.3075485691519493, 0.7896930073816554, -0.24368489332155513], "rotation": [[0.33061382758213953, 0.5778236420617022, -0.7461999301032112], [-0.7253637565224695, 0.6614011496304548, 0.1907771998723226], [0.6037730680769877, 0.478192804151278, 0.6378006932599234]], "fy": 6013.4226670497355, "fx": 6013.422667049735}, {"id": 52, "img_name": "1481", "width": 2736, "height": 3648, "position": [2.8473023799847583, 1.660508381653767, -0.8266563124483074], "rotation": [[0.5988691474441381, 0.4820099112271035, -0.6395484264059842], [-0.6079685007480322, 0.7934423424012106, 0.028697584969299757], [0.5212773219100567, 0.37163919971353915, 0.7682149822143273]], "fy": 6013.4226670497355, "fx": 6013.422667049735}, {"id": 53, "img_name": "1482", "width": 2736, "height": 3648, "position": [2.2483177364961864, 2.206771901520532, -1.4475848090815109], "rotation": [[0.8154793259139937, 0.33959148055718197, -0.46869083129483063], [-0.439162676919335, 0.8905071224845178, -0.1188831695631799], [0.3770008119459454, 0.30277828709688726, 0.8753260516257771]], "fy": 6013.4226670497355, "fx": 6013.422667049735}, {"id": 54, "img_name": "1483", "width": 2736, "height": 3648, "position": [1.2383390517588122, 2.500805118692809, -1.6753383515787705], "rotation": [[0.9539297739447968, 0.17096318205482883, -0.24655542330947844], [-0.22129197782411866, 0.955837933336559, -0.19340037679794142], [0.2026026824410734, 0.2390511149871161, 0.9496350443676235]], "fy": 6013.4226670497355, "fx": 6013.422667049735}, {"id": 55, "img_name": "1485", "width": 2736, "height": 3648, "position": [-0.0038462206822708453, 2.1629590613649397, -2.266117273229363], "rotation": [[0.9980037623683523, -0.035928702862061526, 0.051938604229062546], [0.044507432006193004, 0.9835961996916981, -0.17480733522442155], [-0.044806012931610045, 0.1767700321397801, 0.9832318022432317]], "fy": 6013.4226670497355, "fx": 6013.422667049735}, {"id": 56, "img_name": "1486", "width": 2736, "height": 3648, "position": [-1.280486098084647, 2.0194813530271736, -1.7992527257599586], "rotation": [[0.9203348875868111, -0.24714734841746477, 0.30315323330089733], [0.29598315230645394, 0.946749628326033, -0.1267245627936941], [-0.2556905712796357, 0.2063572858775157, 0.9444781640270774]], "fy": 6013.4226670497355, "fx": 6013.422667049735}, {"id": 57, "img_name": "1487", "width": 2736, "height": 3648, "position": [-2.4712052498251103, 1.4411600539496252, -1.7999792066075255], "rotation": [[0.7209826869455871, -0.449874932362445, 0.5270640476797929], [0.5359056251203105, 0.8441849960552761, -0.012524112725571536], [-0.4393052766461276, 0.2914862563947726, 0.8497332735887364]], "fy": 6013.4226670497355, "fx": 6013.422667049735}, {"id": 58, "img_name": "1488", "width": 2736, "height": 3648, "position": [-3.327789649849989, 0.6211487889919638, -1.1711369991549834], "rotation": [[0.40948313565230193, -0.580617752928098, 0.7037091633630221], [0.6892286423146275, 0.7022486282231468, 0.1783556636943256], [-0.5977352593159396, 0.41198287481815843, 0.6877373558467447]], "fy": 6013.4226670497355, "fx": 6013.422667049735}, {"id": 59, "img_name": "1489", "width": 2736, "height": 3648, "position": [-3.746526757184353, -0.26136662187893206, -0.4596662159768681], "rotation": [[0.12163687122097422, -0.6425508036266815, 0.7565268906775736], [0.7483768958508972, 0.5600521954798354, 0.35534991219190065], [-0.652024917711085, 0.5229435945653429, 0.5489931726232402]], "fy": 6013.4226670497355, "fx": 6013.422667049735}, {"id": 60, "img_name": "1490", "width": 2736, "height": 3648, "position": [-3.9087711507046987, -1.193059675031952, 0.2548119407927681], "rotation": [[-0.1736739937950838, -0.6589492375520526, 0.7318628602469411], [0.7368817125189926, 0.4060670045870251, 0.540476576310942], [-0.6533319873038069, 0.6331630833484287, 0.4150443641954058]], "fy": 6013.4226670497355, "fx": 6013.422667049735}, {"id": 61, "img_name": "1491", "width": 2736, "height": 3648, "position": [-3.3610879838011134, -1.8361157061214781, 1.1482888612926743], "rotation": [[-0.47061865061764013, -0.5873948850777279, 0.6583960317888882], [0.6509861182231333, 0.2725439715907972, 0.7084750224463043], [-0.595596473773652, 0.762028236047745, 0.25412163995684006]], "fy": 6013.4226670497355, "fx": 6013.422667049735}, {"id": 62, "img_name": "1493", "width": 2736, "height": 3648, "position": [-1.8950719008141708, -3.404727498910379, 2.025531256653858], "rotation": [[-0.8873711056336528, -0.3431149453427113, 0.3079685944523816], [0.30504167394142795, 0.06395312917021778, 0.9501892308526491], [-0.3457196813106231, 0.9371137239160492, 0.047914198341154825]], "fy": 6013.4226670497355, "fx": 6013.422667049735}, {"id": 63, "img_name": "1494", "width": 2736, "height": 3648, "position": [-0.12122817895990645, -3.1280940111782236, 2.3026938379919364], "rotation": [[-0.9926853552760024, -0.11921374302919817, 0.01907534779562469], [0.02259229558594361, -0.02821957079779799, 0.9993464084110898], [-0.1185975278018606, 0.9924675003731638, 0.030706466783571248]], "fy": 6013.4226670497355, "fx": 6013.422667049735}, {"id": 64, "img_name": "1495", "width": 2736, "height": 3648, "position": [0.49034362140251186, -3.3233034919008486, 2.2971255550856], "rotation": [[-0.9917501146908839, 0.015143577859965115, -0.12728857788591355], [-0.12775594053824346, -0.0354753483065856, 0.9911709838971859], [0.010494268331232527, 0.9992558089459003, 0.03711736278436918]], "fy": 6013.4226670497355, "fx": 6013.422667049735}, {"id": 65, "img_name": "1496", "width": 2736, "height": 3648, "position": [1.7433150581235706, -2.856065079723001, 2.0886657960500457], "rotation": [[-0.8978488163192173, 0.22850506043058927, -0.37636809162280566], [-0.38370444881378385, 0.013195697251977237, 0.9233616677849176], [0.21595925308884123, 0.9734532916024511, 0.07583066710548525]], "fy": 6013.4226670497355, "fx": 6013.422667049735}, {"id": 66, "img_name": "1497", "width": 2736, "height": 3648, "position": [2.760238723805824, -2.734213865413248, 1.7120882113969984], "rotation": [[-0.7533549849528125, 0.3874994479695601, -0.5313195314215668], [-0.5506875006846194, 0.06987998463122765, 0.83178125991012], [0.3594433797366068, 0.9192175833670859, 0.1607466677486657]], "fy": 6013.4226670497355, "fx": 6013.422667049735}, {"id": 67, "img_name": "1498", "width": 2736, "height": 3648, "position": [3.570676319486967, -1.9308293534152556, 1.0963772720095026], "rotation": [[-0.5081282349033378, 0.5357358551936524, -0.6743832666621736], [-0.7035296609114473, 0.19350773648923703, 0.683813404472767], [0.49684173849611535, 0.8219135291371825, 0.27857931996007834]], "fy": 6013.4226670497355, "fx": 6013.422667049735}, {"id": 68, "img_name": "1499", "width": 2736, "height": 3648, "position": [4.015319710063144, -1.2398253191555464, 0.5053904857613497], "rotation": [[-0.2810144558676544, 0.6079937929274308, -0.7425459065641145], [-0.774323209738425, 0.3134573236803097, 0.5496981654431465], [0.5669695251543855, 0.7294436606023074, 0.382697665988854]], "fy": 6013.4226670497355, "fx": 6013.422667049735}, {"id": 69, "img_name": "1501", "width": 2736, "height": 3648, "position": [3.3800257946855954, 0.8716580550140597, -0.9936347238793336], "rotation": [[0.3653927692853733, 0.6179521545413902, -0.696148876930517], [-0.7443053041706678, 0.6430766107021774, 0.18017238121091142], [0.5590149714787391, 0.45231361627244226, 0.6949206099959694]], "fy": 6013.4226670497355, "fx": 6013.422667049735}, {"id": 70, "img_name": "1502", "width": 2736, "height": 3648, "position": [2.8025840864454254, 1.6588231941619076, -1.8123071220155962], "rotation": [[0.6732775304126324, 0.5002270387307884, -0.544490841763287], [-0.6007632263776792, 0.7993822183807211, -0.00846255097465123], [0.4310231001625644, 0.3328077202520149, 0.8387240955564043]], "fy": 6013.4226670497355, "fx": 6013.422667049735}, {"id": 71, "img_name": "1503", "width": 2736, "height": 3648, "position": [1.7752419918617133, 2.126559162859574, -2.3222953513490636], "rotation": [[0.8903434264071455, 0.32588489451111735, -0.3179427913682929], [-0.38100861473962017, 0.9156017604676098, -0.1284751015676167], [0.24924088458312704, 0.23552590464339923, 0.9393649608613943]], "fy": 6013.4226670497355, "fx": 6013.422667049735}, {"id": 72, "img_name": "1504", "width": 2736, "height": 3648, "position": [0.617845268817884, 2.2427981846540552, -2.4234249081972288], "rotation": [[0.9848254345964053, 0.13820022454650166, -0.10497409826856324], [-0.1543013213010532, 0.9741249317403923, -0.16514151387983808], [0.07943529201023056, 0.17883320524184576, 0.9806674865040531]], "fy": 6013.4226670497355, "fx": 6013.422667049735}, {"id": 73, "img_name": "1505", "width": 2736, "height": 3648, "position": [-0.444062494302683, 2.2444032335653628, -2.3247782024241186], "rotation": [[0.9926898618120577, -0.06349625483518379, 0.10264045926175111], [0.0769136158368864, 0.9881874022820614, -0.13255170187487994], [-0.09301147216582292, 0.13947717947010757, 0.9858473423672702]], "fy": 6013.4226670497355, "fx": 6013.422667049735}, {"id": 74, "img_name": "1506", "width": 2736, "height": 3648, "position": [-0.27904268891869377, 1.8248900104703918, -2.967265477571422], "rotation": [[0.9939561931687703, -0.0943166816251818, 0.05617338897254159], [0.1009654798833604, 0.9862919161242462, -0.13051524071879747], [-0.04309359503881185, 0.13539800498964893, 0.9898536873252803]], "fy": 6013.4226670497355, "fx": 6013.422667049735}, {"id": 75, "img_name": "1507", "width": 2736, "height": 3648, "position": [-1.755509057232371, 1.4419411837753107, -2.674505005428919], "rotation": [[0.8551921965670072, -0.3939981706568219, 0.33676660827637733], [0.41519531942067595, 0.90967823811262, 0.00991714855602374], [-0.3102565932612232, 0.13134285143622093, 0.9415359269377578]], "fy": 6013.4226670497355, "fx": 6013.422667049735}, {"id": 76, "img_name": "1509", "width": 2736, "height": 3648, "position": [-3.485187058803045, -0.11511771923761269, -1.1997553556103797], "rotation": [[0.3092648067115962, -0.6669482007584628, 0.6778903870351668], [0.7212578911266645, 0.6290894968757418, 0.2898852521397781], [-0.6197921698578932, 0.3992824844964722, 0.6755968944253438]], "fy": 6013.4226670497355, "fx": 6013.422667049735}, {"id": 77, "img_name": "1510", "width": 2736, "height": 3648, "position": [-3.735852749670167, -0.9671532252491447, -0.8070833538311757], "rotation": [[0.03337737186158215, -0.7282847079215361, 0.6844613467941462], [0.768993250168739, 0.4561508549443887, 0.4478568730391687], [-0.6383849404885208, 0.5113978702939092, 0.5752711413032304]], "fy": 6013.4226670497355, "fx": 6013.422667049735}, {"id": 78, "img_name": "1511", "width": 2736, "height": 3648, "position": [-3.3912067134885486, -1.6165177619325388, 0.25024196589238684], "rotation": [[-0.3276822162417935, -0.691008229678204, 0.6443073736004121], [0.7087554472261768, 0.27115006836216204, 0.6512628935033971], [-0.624732007492884, 0.6700636290265196, 0.4009047915275171]], "fy": 6013.4226670497355, "fx": 6013.422667049735}, {"id": 79, "img_name": "1512", "width": 2736, "height": 3648, "position": [-3.324144023534683, -2.729362193695334, 0.488559374337464], "rotation": [[-0.5460583245730424, -0.615833342114184, 0.5679521114539114], [0.635919159131026, 0.1366387941061211, 0.7595634687077266], [-0.5453688011012096, 0.775937584271892, 0.31700747010083175]], "fy": 6013.4226670497355, "fx": 6013.422667049735}, {"id": 80, "img_name": "1513", "width": 2736, "height": 3648, "position": [-2.3881109271251932, -3.2348878358745097, 1.1006379151757373], "rotation": [[-0.757942573380792, -0.48933960142351335, 0.43135809942039893], [0.49616809463076555, -0.003173459922866188, 0.8682206810613261], [-0.42348586437728625, 0.8720875435590136, 0.24519999804614143]], "fy": 6013.4226670497355, "fx": 6013.422667049735}, {"id": 81, "img_name": "1514", "width": 2736, "height": 3648, "position": [-1.1280620322603332, -3.398705871328475, 1.6732409532700607], "rotation": [[-0.9383359900544395, -0.2782346935836688, 0.20520970994316212], [0.23558343651017713, -0.08015530223392942, 0.9685430150312597], [-0.253033622687994, 0.9571627775933358, 0.1407600901505838]], "fy": 6013.4226670497355, "fx": 6013.422667049735}, {"id": 82, "img_name": "1515", "width": 2736, "height": 3648, "position": [-0.35576388559910843, -4.022210645655999, 1.7962093071850467], "rotation": [[-0.9957236670042495, -0.08574652149590567, 0.034378961865677994], [0.046961434751309566, -0.14934191763958238, 0.9876697906091034], [-0.07955502883984171, 0.9850606710690889, 0.15273006154391375]], "fy": 6013.4226670497355, "fx": 6013.422667049735}, {"id": 83, "img_name": "1517", "width": 2736, "height": 3648, "position": [1.6498562491540945, -3.67932655479211, 1.603491722681612], "rotation": [[-0.8867199460572845, 0.3282779454978059, -0.3255170160896439], [-0.3649317686061826, -0.06475849252474773, 0.9287793827965205], [0.2838177963520426, 0.94235870460545, 0.17722169824321388]], "fy": 6013.4226670497355, "fx": 6013.422667049735}, {"id": 84, "img_name": "1518", "width": 2736, "height": 3648, "position": [2.494603599040491, -3.0299943195279244, 1.1594493962830974], "rotation": [[-0.7897978557001052, 0.44314778862159465, -0.4240747393694961], [-0.4823438724192983, -0.021630727184743768, 0.8757148510679801], [0.3788980547206216, 0.8961875635609153, 0.23083352236553342]], "fy": 6013.4226670497355, "fx": 6013.422667049735}, {"id": 85, "img_name": "1519", "width": 2736, "height": 3648, "position": [3.1530621895959206, -2.1676958856070256, 0.6532262364786543], "rotation": [[-0.5475647706752688, 0.6002720094906178, -0.5829634092611952], [-0.6644570400387304, 0.11153503706254678, 0.7389565463885039], [0.5085957764849304, 0.7919807132307906, 0.33778230565282574]], "fy": 6013.4226670497355, "fx": 6013.422667049735}, {"id": 86, "img_name": "1520", "width": 2736, "height": 3648, "position": [3.7445769469231176, -1.549583610778482, 0.04553212446650191], "rotation": [[-0.27417255286471204, 0.6928229329254056, -0.6669526181583558], [-0.7533601241495178, 0.2763242062895727, 0.5967356670753482], [0.5977273078897012, 0.6660640484450999, 0.44618465770558907]], "fy": 6013.4226670497355, "fx": 6013.422667049735}, {"id": 87, "img_name": "1521", "width": 2736, "height": 3648, "position": [3.835431195298813, -0.7026066894731255, -0.7071157264596704], "rotation": [[0.027448977408094828, 0.7252152032156556, -0.6879748997340857], [-0.7769267923925053, 0.44853468877055125, 0.44181601626943934], [0.6289922995569524, 0.5223787342478444, 0.5757509401674278]], "fy": 6013.4226670497355, "fx": 6013.422667049735}, {"id": 88, "img_name": "1522", "width": 2736, "height": 3648, "position": [3.543936927459378, 0.09409215868759822, -1.348611560013036], "rotation": [[0.3189976991525861, 0.6992855431383459, -0.6397188422213811], [-0.753522028323083, 0.5965292607632187, 0.276328416716693], [0.5748434750149144, 0.3938941104040476, 0.7172185225032751]], "fy": 6013.4226670497355, "fx": 6013.422667049735}, {"id": 89, "img_name": "1523", "width": 2736, "height": 3648, "position": [2.9525504768986446, 1.0196136603516912, -2.1322692074865115], "rotation": [[0.6253784343978439, 0.5813507246690197, -0.5205123905507985], [-0.6086113656224197, 0.7808581691161228, 0.1408996996442143], [0.48835849478156396, 0.22867412326588654, 0.8421485177350034]], "fy": 6013.4226670497355, "fx": 6013.422667049735}, {"id": 90, "img_name": "1525", "width": 2736, "height": 3648, "position": [1.1544636675461788, 1.75224935653342, -2.9487022784571653], "rotation": [[0.9531143692870208, 0.2187921511144804, -0.20905260981222643], [-0.22919612237425027, 0.973016620447368, -0.026604394783391754], [0.19759083113143766, 0.0732710784954148, 0.9775424351448414]], "fy": 6013.4226670497355, "fx": 6013.422667049735}, {"id": 91, "img_name": "1526", "width": 2736, "height": 3648, "position": [-0.05336928555739487, 1.8170923465650843, -2.7383639213195137], "rotation": [[0.9999999358899737, -7.589492709471173e-05, 0.0003499428649619326], [7.599338028408969e-05, 0.9999999575375182, -0.00028133604077914246], [-0.000349921498124186, 0.0002813626160838962, 0.9999998991950068]], "fy": 6013.4226670497355, "fx": 6013.422667049735}, {"id": 92, "img_name": "1527", "width": 2736, "height": 3648, "position": [-1.2397726882991489, 1.670670269546943, -2.950484335329624], "rotation": [[0.9450084700495354, -0.24647639466562332, 0.21496134165768557], [0.25028532271490483, 0.9681229409205042, 0.009758508950135462], [-0.21051424837319743, 0.04457979515509053, 0.9765738031996342]], "fy": 6013.4226670497355, "fx": 6013.422667049735}, {"id": 93, "img_name": "1528", "width": 2736, "height": 3648, "position": [-2.2411878148120272, 1.1466988986298272, -2.4531671795471697], "rotation": [[0.7773347308876736, -0.49153396968951163, 0.3926131337551743], [0.4922472554774553, 0.8638640301074286, 0.10691855293383254], [-0.39171846475587657, 0.11015123298366741, 0.9134677609206998]], "fy": 6013.4226670497355, "fx": 6013.422667049735}, {"id": 94, "img_name": "1529", "width": 2736, "height": 3648, "position": [-2.839921013466996, 0.4962421849064501, -1.3225596227377592], "rotation": [[0.5171681902822237, -0.6681323927348745, 0.5349169736871144], [0.6526969304769037, 0.7121624781329448, 0.25847886119675434], [-0.5536458975791636, 0.2154616219142387, 0.8043957418931602]], "fy": 6013.4226670497355, "fx": 6013.422667049735}, {"id": 95, "img_name": "1530", "width": 2736, "height": 3648, "position": [-3.466028352088034, -0.9868318487121883, -0.8041447941986021], "rotation": [[0.055733600510719926, -0.7773982709694701, 0.6265346710819678], [0.7634336747631032, 0.43759744618019936, 0.4750552592428295], [-0.6434771091591492, 0.4518411262714425, 0.6178809000106238]], "fy": 6013.4226670497355, "fx": 6013.422667049735}, {"id": 96, "img_name": "1531", "width": 2736, "height": 3648, "position": [-3.376521795896155, -1.9352889121878227, -0.029766158728827166], "rotation": [[-0.30067911586862445, -0.7438963495700501, 0.596833553326902], [0.731603484393164, 0.22155646410993893, 0.6447240299809543], [-0.6118401841202026, 0.6305005585306447, 0.477619759629249]], "fy": 6013.4226670497355, "fx": 6013.422667049735}]