[{"id": 0, "img_name": "234", "width": 2736, "height": 3648, "position": [2.469642514643848, 2.405541005035143, -0.9597566909524641], "rotation": [[0.7570941963867439, 0.1616109678701084, -0.6330010054191044], [-0.39059604859651303, 0.8886485981998871, -0.24028815147269775], [0.5236822553975842, 0.4291684564148005, 0.7359153017842723]], "fy": 5773.966255235283, "fx": 5773.966255235283}, {"id": 1, "img_name": "242", "width": 2736, "height": 3648, "position": [-3.107638655494131, 1.0850865585901641, 0.09345934922688014], "rotation": [[0.33646920132560854, -0.33660689686560347, 0.8794795469718533], [0.6074908813498128, 0.7912001596607261, 0.07040693452827625], [-0.719543817731856, 0.5105860400905519, 0.47070010625504954]], "fy": 5773.966255235283, "fx": 5773.966255235283}, {"id": 2, "img_name": "250", "width": 2736, "height": 3648, "position": [0.6690895486556905, -1.5206470553033153, 3.408574985902267], "rotation": [[-0.9856450203139774, 0.01703123929218918, -0.16796973185199535], [-0.13852704862539458, 0.4871374242411629, 0.8622687438976452], [0.09650984783635601, 0.8731592448069582, -0.47778528909829976]], "fy": 5773.966255235283, "fx": 5773.966255235283}, {"id": 3, "img_name": "258", "width": 2736, "height": 3648, "position": [3.0011132421781395, 1.487116325576402, -0.3090645350182346], "rotation": [[0.5110715306950212, 0.28006306661972236, -0.8126318780534056], [-0.5416000617417019, 0.8390606082045968, -0.0514457858402071], [0.6674393332988646, 0.4664139518441626, 0.5805021635538308]], "fy": 5773.966255235283, "fx": 5773.966255235283}, {"id": 4, "img_name": "266", "width": 2736, "height": 3648, "position": [-1.8891160689337856, 1.7615136564084697, -1.7826028768132678], "rotation": [[0.8425598424588235, -0.25151169833502274, 0.47627174751017404], [0.36136339677231594, 0.9196854989118124, -0.1536068962140199], [-0.39938628838373536, 0.30153017874163673, 0.8657771907131189]], "fy": 5773.966255235283, "fx": 5773.966255235283}, {"id": 5, "img_name": "274", "width": 2736, "height": 3648, "position": [-2.0225139172417554, -1.6625861130813775, 2.5031525223417317], "rotation": [[-0.7560013380676907, -0.296403125083535, 0.5836155963308165], [0.40365851162362926, 0.49077372436840405, 0.7721405037060042], [-0.5152880581127962, 0.8193206569532346, -0.25137994799916497]], "fy": 5773.966255235283, "fx": 5773.966255235283}, {"id": 6, "img_name": "282", "width": 2736, "height": 3648, "position": [3.5867455930097045, -0.9282482108341679, 1.7742505552632373], "rotation": [[-0.39382165329961644, 0.32096262270012227, -0.8613289152361109], [-0.6026289251229752, 0.6174130538408164, 0.505608049334744], [0.6940770014900969, 0.7181811162766786, -0.04972926930992949]], "fy": 5773.966255235283, "fx": 5773.966255235283}, {"id": 7, "img_name": "290", "width": 2736, "height": 3648, "position": [1.098855114367971, 2.0471684066378053, -1.9243125647822077], "rotation": [[0.9486078893280705, 0.09241092231697892, -0.3026603603729246], [-0.16789936598293917, 0.9576704802543369, -0.23383125144418748], [0.26824033105979855, 0.272630652506194, 0.9239695082127853]], "fy": 5773.966255235283, "fx": 5773.966255235283}, {"id": 8, "img_name": "298", "width": 2736, "height": 3648, "position": [-3.3355345821830023, -0.14898782143275338, -0.3248371109930826], "rotation": [[0.18753816833569037, -0.5397291993868355, 0.8206837556248688], [0.6260941185830272, 0.709467417597019, 0.32351528255085416], [-0.7568590292075772, 0.4531538090951704, 0.47097349735362126]], "fy": 5773.966255235283, "fx": 5773.966255235283}, {"id": 9, "img_name": "306", "width": 2736, "height": 3648, "position": [0.4137688902570129, -3.1703408508616358, 3.4530885036103154], "rotation": [[-0.9982497607075246, -0.026685691466060216, -0.0527758383955045], [-0.05866349303693302, 0.33389316271895136, 0.9407836895239212], [-0.007483971677917875, 0.9422331079730292, -0.33487424566157664]], "fy": 5773.966255235283, "fx": 5773.966255235283}, {"id": 10, "img_name": "314", "width": 2736, "height": 3648, "position": [4.207774309358013, 0.11326117127112503, -0.22688649398472963], "rotation": [[0.162037450237529, 0.48095318167590145, -0.8616425603208954], [-0.6254461067557515, 0.7254444958938014, 0.2873107219048073], [0.7632568586423533, 0.49235588796440294, 0.41835947141446533]], "fy": 5773.966255235283, "fx": 5773.966255235283}, {"id": 11, "img_name": "322", "width": 2736, "height": 3648, "position": [-1.802122587980956, 1.344675809805784, -3.2443086579500577], "rotation": [[0.8823737232814642, -0.31290995707972563, 0.3514313179310716], [0.34196266715479984, 0.9394530941069771, -0.02212279921716053], [-0.32323079484291284, 0.13969696751608987, 0.9359522479977421]], "fy": 5773.966255235283, "fx": 5773.966255235283}, {"id": 12, "img_name": "330", "width": 2736, "height": 3648, "position": [-3.1158265299530457, 0.2876910778863682, -1.8648408418575608], "rotation": [[0.5195392587028329, -0.5973404483543922, 0.6109528193128207], [0.5880429160151721, 0.7687225179284899, 0.2515377096064442], [-0.6199068378320118, 0.22858276223166119, 0.75064334621687]], "fy": 5773.966255235283, "fx": 5773.966255235283}, {"id": 13, "img_name": "338", "width": 2736, "height": 3648, "position": [-0.46414042840735975, -3.5224875203455, 2.760909803229074], "rotation": [[-0.9934115557294512, -0.07660179677647178, 0.08523875687624492], [0.06775813012883809, 0.2072538704823506, 0.9759378407314312], [-0.09242465441988364, 0.9752835474366935, -0.20069799539273914]], "fy": 5773.966255235283, "fx": 5773.966255235283}, {"id": 14, "img_name": "346", "width": 2736, "height": 3648, "position": [4.043276124001655, -0.35337361084748486, -0.7047262510954153], "rotation": [[0.24868858118666567, 0.5850132766700943, -0.7719543093390197], [-0.5759468169627473, 0.730099316283444, 0.3677502581819991], [0.7787420969858011, 0.35314933736617315, 0.5185038976709724]], "fy": 5773.966255235283, "fx": 5773.966255235283}, {"id": 15, "img_name": "354", "width": 2736, "height": 3648, "position": [-1.8980583724345346, 0.9595381830151484, -2.6772381975582915], "rotation": [[0.824164375969701, -0.41162972685061777, 0.3889910659068651], [0.4125010484237321, 0.9069150328333924, 0.08572052420586783], [-0.3880669612731739, 0.08981142017412222, 0.917244755980928]], "fy": 5773.966255235283, "fx": 5773.966255235283}, {"id": 16, "img_name": "235", "width": 2736, "height": 3648, "position": [1.4582038789796326, 2.6731093583020673, -1.1121514064117755], "rotation": [[0.9286588917966527, 0.09241616535247715, -0.3592379644032029], [-0.20524879108941738, 0.9347203579418626, -0.29012201951139344], [0.3089750741457082, 0.34315755103243795, 0.8870046779617758]], "fy": 5773.966255235283, "fx": 5773.966255235283}, {"id": 17, "img_name": "236", "width": 2736, "height": 3648, "position": [0.46698984196671794, 2.7368793904781428, -1.5349669617133792], "rotation": [[0.9939784618360513, 0.03780078264302297, -0.10284900698408572], [-0.07100864594484475, 0.9370670131182538, -0.34185257806065167], [0.08345411677752791, 0.34709726843812694, 0.9341086107277213]], "fy": 5773.966255235283, "fx": 5773.966255235283}, {"id": 18, "img_name": "237", "width": 2736, "height": 3648, "position": [-0.502629629232065, 2.6934672002827647, -1.5878786825879971], "rotation": [[0.9856859207544525, -0.07840820507632668, 0.14924951927278002], [0.12298651308023031, 0.9399289149586966, -0.3184461531011694], [-0.1153151474300474, 0.3322435675844994, 0.9361178497240136]], "fy": 5773.966255235283, "fx": 5773.966255235283}, {"id": 19, "img_name": "238", "width": 2736, "height": 3648, "position": [-1.223417873635752, 2.433852730102876, -1.215246442984234], "rotation": [[0.9289307119727175, -0.14159134734338438, 0.3421105416548071], [0.250897956209131, 0.9202214831770753, -0.3004041235893146], [-0.2722828454455796, 0.3648894521041521, 0.8903469772056232]], "fy": 5773.966255235283, "fx": 5773.966255235283}, {"id": 20, "img_name": "239", "width": 2736, "height": 3648, "position": [-1.9119524653047473, 2.196358007511916, -1.015377703726375], "rotation": [[0.810598208430136, -0.20602721316668673, 0.548163599598352], [0.3754336727586289, 0.9012208912733288, -0.21644967657973915], [-0.4494219641370687, 0.38125279352061864, 0.8078775931933647]], "fy": 5773.966255235283, "fx": 5773.966255235283}, {"id": 21, "img_name": "240", "width": 2736, "height": 3648, "position": [-2.35293181283352, 1.894125728414097, -0.6095101517051551], "rotation": [[0.6845061413277864, -0.25352357536290715, 0.6835035765961672], [0.4706991542188011, 0.8696521451542969, -0.1488202024129617], [-0.5566809218055254, 0.4235928979146581, 0.7146155666748467]], "fy": 5773.966255235283, "fx": 5773.966255235283}, {"id": 22, "img_name": "241", "width": 2736, "height": 3648, "position": [-2.8668835141905937, 1.4310588143880294, -0.13646230039996626], "rotation": [[0.47676049925931635, -0.2810971631006482, 0.832876828374265], [0.5353530136757049, 0.8443552607700453, -0.021478928238836934], [-0.6972062658169015, 0.4561234246415285, 0.5530414490785804]], "fy": 5773.966255235283, "fx": 5773.966255235283}, {"id": 23, "img_name": "243", "width": 2736, "height": 3648, "position": [-3.387222981121256, 0.6045611308133584, 0.5950331986589806], "rotation": [[0.12882150688453076, -0.34602731847259566, 0.9293385358601374], [0.6251787596914855, 0.7557935730502322, 0.19475007924665766], [-0.769776940285051, 0.5559147145081054, 0.3136913967560426]], "fy": 5773.966255235283, "fx": 5773.966255235283}, {"id": 24, "img_name": "244", "width": 2736, "height": 3648, "position": [-3.3999800541614786, 0.02740958177033124, 1.1993849734687685], "rotation": [[-0.12341642500253827, -0.35432076950714925, 0.9269439995681801], [0.621386435444934, 0.7006980471259472, 0.35057259533358087], [-0.7737230020392512, 0.6192568441686742, 0.1336924719856092]], "fy": 5773.966255235283, "fx": 5773.966255235283}, {"id": 25, "img_name": "245", "width": 2736, "height": 3648, "position": [-3.0861978523059714, -0.6003084873890634, 1.9727470917996908], "rotation": [[-0.4040792645275416, -0.3370596142980009, 0.8503591972738126], [0.548494950878274, 0.6546840163473358, 0.5201366432009581], [-0.7320336309486881, 0.6765941583760563, -0.07966873923613625]], "fy": 5773.966255235283, "fx": 5773.966255235283}, {"id": 26, "img_name": "246", "width": 2736, "height": 3648, "position": [-2.898512896039448, -0.9957280336907449, 2.4445056348365224], "rotation": [[-0.5683955104742536, -0.3309666851488191, 0.7532513504762633], [0.5191212243539576, 0.5660153595728091, 0.6404215542538457], [-0.6383100328977761, 0.7550414995543396, -0.14990875842582907]], "fy": 5773.966255235283, "fx": 5773.966255235283}, {"id": 27, "img_name": "247", "width": 2736, "height": 3648, "position": [-2.1429810988352833, -1.4233650755920375, 3.063422338132036], "rotation": [[-0.7815511166846083, -0.2703670122368676, 0.5622095078377369], [0.3717663375010582, 0.5218486128666328, 0.76776546910513], [-0.5009667077861463, 0.8090585293681049, -0.30733801220582635]], "fy": 5773.966255235283, "fx": 5773.966255235283}, {"id": 28, "img_name": "248", "width": 2736, "height": 3648, "position": [-1.254621965598909, -1.6901347308515677, 3.396354707452911], "rotation": [[-0.9222709707091585, -0.17164009218518858, 0.3463465538183476], [0.22481774546223512, 0.49069130672681, 0.8418307566417451], [-0.3144411517477685, 0.8542609204788637, -0.4139626092174761]], "fy": 5773.966255235283, "fx": 5773.966255235283}, {"id": 29, "img_name": "249", "width": 2736, "height": 3648, "position": [-0.2625731898278059, -1.936956831884269, 3.6185296244517935], "rotation": [[-0.9933375349650672, -0.08368467867064876, 0.07923014694744554], [0.030517871282954797, 0.47194929172053873, 0.8810973417147726], [-0.11112695965372467, 0.8776449969094976, -0.46625106781416287]], "fy": 5773.966255235283, "fx": 5773.966255235283}, {"id": 30, "img_name": "251", "width": 2736, "height": 3648, "position": [1.5441456128341808, -1.527463533398464, 3.248719629357654], "rotation": [[-0.8926734926796598, 0.12297281386254892, -0.43360318554851934], [-0.31964725216388556, 0.505501662041863, 0.8014322827644215], [0.31774151389324967, 0.8540174217916406, -0.41194001216825776]], "fy": 5773.966255235283, "fx": 5773.966255235283}, {"id": 31, "img_name": "252", "width": 2736, "height": 3648, "position": [2.2040808389697575, -1.1793247745977677, 2.8791288467521494], "rotation": [[-0.7540242514088368, 0.20518809104216246, -0.623975380589504], [-0.4488861457663704, 0.5325433308495509, 0.7175645120173367], [0.4795296199676887, 0.8211549476573463, -0.3094444950415254]], "fy": 5773.966255235283, "fx": 5773.966255235283}, {"id": 32, "img_name": "253", "width": 2736, "height": 3648, "position": [2.7123728265393448, -0.899084693182141, 2.540496547016021], "rotation": [[-0.6064483481366914, 0.2467636999118265, -0.7558624725756028], [-0.544977988632669, 0.5632127931797749, 0.6211202311183612], [0.5789813407599318, 0.7886057481431784, -0.20707868322782352]], "fy": 5773.966255235283, "fx": 5773.966255235283}, {"id": 33, "img_name": "254", "width": 2736, "height": 3648, "position": [3.0234984906495277, -0.3633597383397422, 2.0591484454143925], "rotation": [[-0.41138988346974326, 0.2982657819223169, -0.8612757323372228], [-0.600571072913772, 0.6220995473643083, 0.5023012438251805], [0.6856185164929193, 0.7238989408083086, -0.07679565963423167]], "fy": 5773.966255235283, "fx": 5773.966255235283}, {"id": 34, "img_name": "255", "width": 2736, "height": 3648, "position": [3.2742039504769904, 0.09958769334211258, 1.4446083161391103], "rotation": [[-0.17356358232219232, 0.3160050020983197, -0.9327467617420757], [-0.6390016592299591, 0.6845448235483563, 0.35082084324411095], [0.7493681087375191, 0.6569164507012979, 0.08311566883062733]], "fy": 5773.966255235283, "fx": 5773.966255235283}, {"id": 35, "img_name": "256", "width": 2736, "height": 3648, "position": [3.452407263392183, 0.5525204505111598, 0.8376358662572888], "rotation": [[0.07053312451027748, 0.3090482542681828, -0.948427253341344], [-0.6388224984774125, 0.7442311742606076, 0.19500198639437866], [0.7661141519290019, 0.5921225682174813, 0.2499199280202367]], "fy": 5773.966255235283, "fx": 5773.966255235283}, {"id": 36, "img_name": "257", "width": 2736, "height": 3648, "position": [3.254630202420394, 1.0598308301870485, 0.23054227769811383], "rotation": [[0.3009243260046776, 0.31529985096078555, -0.9000169742858949], [-0.5984580662255865, 0.7972303554475623, 0.07919408641107685], [0.7424907359611715, 0.5147909909245305, 0.42859974647073457]], "fy": 5773.966255235283, "fx": 5773.966255235283}, {"id": 37, "img_name": "259", "width": 2736, "height": 3648, "position": [2.5991930649502883, 1.8477838207754522, -0.820375435413008], "rotation": [[0.6658134625512625, 0.22783006171859535, -0.7104828612027173], [-0.4568684041839684, 0.8773358681571363, -0.14680952184159596], [0.5898844754220041, 0.42234492707059346, 0.6882303889206306]], "fy": 5773.966255235283, "fx": 5773.966255235283}, {"id": 38, "img_name": "260", "width": 2736, "height": 3648, "position": [1.8351786217785249, 2.213166096000626, -1.058393235650475], "rotation": [[0.8157358477662914, 0.15403195541094725, -0.5575385039450547], [-0.3400646032045786, 0.9074245161556946, -0.24685382947589837], [0.467900729125658, 0.3909666279772269, 0.7925995227678315]], "fy": 5773.966255235283, "fx": 5773.966255235283}, {"id": 39, "img_name": "261", "width": 2736, "height": 3648, "position": [1.2868566036100904, 2.4841303754390327, -1.5982337209780009], "rotation": [[0.935257824446621, 0.08970391945605914, -0.34241204512340734], [-0.2077054792773956, 0.9223832859202951, -0.3256800695974906], [0.2866203685879998, 0.37571569130008364, 0.8812981808794226]], "fy": 5773.966255235283, "fx": 5773.966255235283}, {"id": 40, "img_name": "262", "width": 2736, "height": 3648, "position": [1.3647669074672106, 2.222155553474721, -1.9549292214653535], "rotation": [[0.9386987713906502, 0.09351097362776103, -0.33181367422225394], [-0.17731299355395064, 0.9563970995020583, -0.2320876782187862], [0.29564289084403933, 0.27669529427736633, 0.9143494929282461]], "fy": 5773.966255235283, "fx": 5773.966255235283}, {"id": 41, "img_name": "263", "width": 2736, "height": 3648, "position": [0.47812703841780185, 2.253065309976425, -2.1119529026324795], "rotation": [[0.9919497121313885, -0.010703692409302832, -0.1261792358958575], [-0.023623819081121822, 0.9632870933096905, -0.26743203068254556], [0.12440933957897955, 0.26825996129086166, 0.9552794928154521]], "fy": 5773.966255235283, "fx": 5773.966255235283}, {"id": 42, "img_name": "264", "width": 2736, "height": 3648, "position": [-0.5937423094764797, 2.178753803835707, -1.8411620954786287], "rotation": [[0.9768412353428103, -0.10921680984567793, 0.18399154703699167], [0.1573919200271994, 0.9493057900137142, -0.2721144989826698], [-0.14494476342415463, 0.29477144619784795, 0.944510884035936]], "fy": 5773.966255235283, "fx": 5773.966255235283}, {"id": 43, "img_name": "265", "width": 2736, "height": 3648, "position": [-1.2043948036013516, 2.051977288700579, -2.0862265386367618], "rotation": [[0.9333106993941963, -0.18082581886030485, 0.3102147024720398], [0.25631409246678905, 0.940542042154111, -0.22289852611334374], [-0.2514641612620818, 0.28754597923475617, 0.924166156828242]], "fy": 5773.966255235283, "fx": 5773.966255235283}, {"id": 44, "img_name": "267", "width": 2736, "height": 3648, "position": [-2.4982440003698296, 1.4804724660673745, -1.4354911871666804], "rotation": [[0.7046041965451473, -0.32295353936477467, 0.6318496163033827], [0.4738860471391959, 0.8769232069111794, -0.0802353008806022], [-0.5281713174129725, 0.35595884676796263, 0.7709269478166313]], "fy": 5773.966255235283, "fx": 5773.966255235283}, {"id": 45, "img_name": "268", "width": 2736, "height": 3648, "position": [-2.9037053676265936, 1.0871022702517092, -0.9386093045403163], "rotation": [[0.5344327945354873, -0.3893747391520345, 0.7501792456708427], [0.565684653213545, 0.824247986781323, 0.024821954105332313], [-0.627998774874331, 0.4110992201369651, 0.660768469253125]], "fy": 5773.966255235283, "fx": 5773.966255235283}, {"id": 46, "img_name": "269", "width": 2736, "height": 3648, "position": [-3.1396705369506175, 0.6545429927156133, -0.4041046989435471], "rotation": [[0.3515504910299972, -0.42865326529775577, 0.8322671628786873], [0.6183865520783057, 0.7737829852637559, 0.13732430201903575], [-0.702858680294462, 0.46638639545540156, 0.5370972031847169]], "fy": 5773.966255235283, "fx": 5773.966255235283}, {"id": 47, "img_name": "270", "width": 2736, "height": 3648, "position": [-3.2626920229313434, 0.14302817593365233, 0.22238682227434453], "rotation": [[0.1479259749042646, -0.46046966129835476, 0.8752631586970865], [0.645937954366857, 0.7151499252222614, 0.2670669271230607], [-0.7489205999683698, 0.5258595587021048, 0.4032240809582737]], "fy": 5773.966255235283, "fx": 5773.966255235283}, {"id": 48, "img_name": "271", "width": 2736, "height": 3648, "position": [-3.258606748155456, -0.41056494042424374, 0.8874459553168768], "rotation": [[-0.0993341946983742, -0.4575852833694987, 0.8835996979443129], [0.6379684937930495, 0.652179264952787, 0.4094611181700531], [-0.7636287833044619, 0.6043822588472448, 0.2271412919300421]], "fy": 5773.966255235283, "fx": 5773.966255235283}, {"id": 49, "img_name": "272", "width": 2736, "height": 3648, "position": [-3.157833785558406, -1.012391080428347, 1.4827761159400152], "rotation": [[-0.34619461579538946, -0.41438113908702484, 0.8416873288598455], [0.5841753072688977, 0.6067955909219768, 0.5390160676778921], [-0.734090252197624, 0.6782974144183276, 0.032001862787028656]], "fy": 5773.966255235283, "fx": 5773.966255235283}, {"id": 50, "img_name": "273", "width": 2736, "height": 3648, "position": [-2.5828998973814215, -1.332427895915738, 2.094307282914329], "rotation": [[-0.5741973498217806, -0.38170556916131226, 0.7242915586480919], [0.5008823148159749, 0.5360107811622714, 0.6795655591496691], [-0.6476220426778527, 0.752989575591223, -0.11658640095961156]], "fy": 5773.966255235283, "fx": 5773.966255235283}, {"id": 51, "img_name": "275", "width": 2736, "height": 3648, "position": [-1.0589036293460845, -1.7687939622624311, 2.9360074645306784], "rotation": [[-0.9221232224880366, -0.21109931743520338, 0.32423115323279766], [0.1913770338162484, 0.47945566755644176, 0.8564444487389135], [-0.3362493025657797, 0.8517977113296312, -0.40171764399591475]], "fy": 5773.966255235283, "fx": 5773.966255235283}, {"id": 52, "img_name": "276", "width": 2736, "height": 3648, "position": [-0.47727448035768144, -2.3022674804916603, 3.2664382072536977], "rotation": [[-0.9841548985731996, -0.1194392569537839, 0.13104731783864906], [0.06182260147258297, 0.46155578233037287, 0.8849543636507815], [-0.1661839389397727, 0.8790338581054346, -0.44685833856238705]], "fy": 5773.966255235283, "fx": 5773.966255235283}, {"id": 53, "img_name": "277", "width": 2736, "height": 3648, "position": [0.5763911259309761, -1.8998693022698465, 3.151303494820358], "rotation": [[-0.9861944999537522, -0.006614435446612223, -0.1654589299635757], [-0.14898113729964557, 0.4716164282397229, 0.8691274735867635], [0.07228436200087121, 0.881778993772322, -0.4660909537332796]], "fy": 5773.966255235283, "fx": 5773.966255235283}, {"id": 54, "img_name": "278", "width": 2736, "height": 3648, "position": [1.0736234241716085, -2.084919580278989, 3.231745301743424], "rotation": [[-0.9581103383230387, 0.0602744976977477, -0.2799849362479991], [-0.21814257809210305, 0.4798658061216393, 0.8497897526674227], [0.18557584762528406, 0.8752689832517278, -0.4466159555318682]], "fy": 5773.966255235283, "fx": 5773.966255235283}, {"id": 55, "img_name": "279", "width": 2736, "height": 3648, "position": [1.8443199139903366, -2.208475846800043, 3.189359528069769], "rotation": [[-0.8729219084026465, 0.1432171053087077, -0.46636488137259585], [-0.3382222215802528, 0.5112613434232903, 0.7900744063379921], [0.3515865052302197, 0.8474082248054987, -0.3978520200677551]], "fy": 5773.966255235283, "fx": 5773.966255235283}, {"id": 56, "img_name": "280", "width": 2736, "height": 3648, "position": [2.5886834718111897, -1.4048633031801707, 2.602128797634389], "rotation": [[-0.6956124034991317, 0.23084431330555005, -0.6803192538159203], [-0.49136435488820235, 0.5379630285455673, 0.6849502541523594], [0.5241034772289364, 0.8107445238375466, -0.2607850881932624]], "fy": 5773.966255235283, "fx": 5773.966255235283}, {"id": 57, "img_name": "281", "width": 2736, "height": 3648, "position": [2.9898865919196047, -1.2588184409024419, 2.321632128236615], "rotation": [[-0.5829283550889681, 0.28202729087856465, -0.7620073096978583], [-0.5391799468758534, 0.5673217557003808, 0.6224395636493469], [0.607848268665974, 0.773696731742312, -0.17864447814316292]], "fy": 5773.966255235283, "fx": 5773.966255235283}, {"id": 58, "img_name": "283", "width": 2736, "height": 3648, "position": [3.7732610417330874, -0.4561863323940379, 1.2147943830694448], "rotation": [[-0.17631276476148733, 0.33925048474355457, -0.9240253879539371], [-0.6401508569310541, 0.6735832236134945, 0.36944894266581724], [0.7477437324060946, 0.656654208444381, 0.09841016807061165]], "fy": 5773.966255235283, "fx": 5773.966255235283}, {"id": 59, "img_name": "284", "width": 2736, "height": 3648, "position": [3.7979204461793463, 0.014289910866257248, 0.7525572518188772], "rotation": [[0.016470877217706792, 0.3456971940364332, -0.9382015562974811], [-0.6458861035567665, 0.7199609991244675, 0.25394349956625456], [0.7632560850959114, 0.6017886753462839, 0.235139402884816]], "fy": 5773.966255235283, "fx": 5773.966255235283}, {"id": 60, "img_name": "285", "width": 2736, "height": 3648, "position": [3.6018939456234227, 0.4657599970249029, 0.20586358676250954], "rotation": [[0.19062749783856298, 0.3644522639625446, -0.9115018948748184], [-0.6166781203726845, 0.7669044037948419, 0.17766747393288007], [0.7637861303541859, 0.5282349692444203, 0.37094280468277707]], "fy": 5773.966255235283, "fx": 5773.966255235283}, {"id": 61, "img_name": "286", "width": 2736, "height": 3648, "position": [3.3765512187868074, 0.9295744621452474, -0.43261039280937397], "rotation": [[0.41680530144983896, 0.3454705637612134, -0.8407873870710826], [-0.5751594597220686, 0.8164896076388957, 0.0503618557035015], [0.70389270245935, 0.46259573084086225, 0.5390178598453685]], "fy": 5773.966255235283, "fx": 5773.966255235283}, {"id": 62, "img_name": "287", "width": 2736, "height": 3648, "position": [2.9228710931781268, 1.3039338977420254, -0.8674376301594036], "rotation": [[0.5832950270240191, 0.3010563476092511, -0.7544083688647854], [-0.5039007223867641, 0.8625682496008596, -0.04538806846084665], [0.6370643401000763, 0.40662155666502336, 0.6548342815004169]], "fy": 5773.966255235283, "fx": 5773.966255235283}, {"id": 63, "img_name": "288", "width": 2736, "height": 3648, "position": [2.342507689412243, 1.6443662463482083, -1.3132463632754816], "rotation": [[0.7396859624831263, 0.24931078867083928, -0.625067042450436], [-0.4050316018508356, 0.9067002143742997, -0.11766105029169532], [0.537414252144058, 0.3402041326996526, 0.7716521688471559]], "fy": 5773.966255235283, "fx": 5773.966255235283}, {"id": 64, "img_name": "289", "width": 2736, "height": 3648, "position": [1.6680353559512262, 1.9221414745589374, -1.6962780964662807], "rotation": [[0.881479583197496, 0.1694090038116989, -0.44078830954722054], [-0.27733891526288684, 0.9412124568140068, -0.1928788148526083], [0.38220003988327095, 0.29226648895429186, 0.8766432734856046]], "fy": 5773.966255235283, "fx": 5773.966255235283}, {"id": 65, "img_name": "291", "width": 2736, "height": 3648, "position": [0.42983862216405516, 2.1589840870360817, -2.125147064950645], "rotation": [[0.9965464876307626, 0.0008048368957451196, -0.08303282620964939], [-0.02054427607101825, 0.9712546438965397, -0.23715469514669896], [0.08045514720332303, 0.23804152777819498, 0.9679169387615418]], "fy": 5773.966255235283, "fx": 5773.966255235283}, {"id": 66, "img_name": "292", "width": 2736, "height": 3648, "position": [0.39107007470136, 1.7641186853501065, -2.6417000236948636], "rotation": [[0.9973477715326857, -0.003938601866793735, -0.07267675029967247], [-0.010934658752724511, 0.9790933224196742, -0.20311745181339103], [0.07195731968846199, 0.20337343338926708, 0.9764534759704191]], "fy": 5773.966255235283, "fx": 5773.966255235283}, {"id": 67, "img_name": "293", "width": 2736, "height": 3648, "position": [-0.591164546927519, 1.758151140083205, -2.487893798925386], "rotation": [[0.9863672905729479, -0.10961878016905716, 0.12273260007850255], [0.12690045316384985, 0.9815220916340112, -0.14321542731565381], [-0.10476565789700018, 0.15683783557752792, 0.9820519590412541]], "fy": 5773.966255235283, "fx": 5773.966255235283}, {"id": 68, "img_name": "294", "width": 2736, "height": 3648, "position": [-1.568752142719664, 1.555573229519907, -2.410842347626787], "rotation": [[0.909943252223733, -0.22844598230868857, 0.34614406090458116], [0.28414784676745136, 0.9513545685787032, -0.11909863988245448], [-0.3020981279483821, 0.20672909328744207, 0.9305911041261006]], "fy": 5773.966255235283, "fx": 5773.966255235283}, {"id": 69, "img_name": "295", "width": 2736, "height": 3648, "position": [-2.2058964340867786, 1.3124950788448067, -2.1372357001805433], "rotation": [[0.8010543177844119, -0.32518771048997697, 0.5025583875583386], [0.39794146561453597, 0.9164817483559639, -0.04127705022104724], [-0.4471628002232581, 0.23305398060681726, 0.8635573358033684]], "fy": 5773.966255235283, "fx": 5773.966255235283}, {"id": 70, "img_name": "296", "width": 2736, "height": 3648, "position": [-2.7684743180841864, 0.9060536694796643, -1.5989644441931725], "rotation": [[0.6100378808105893, -0.43488729320547403, 0.6623645719575748], [0.522621453594742, 0.8491534218280774, 0.07619240408456661], [-0.5955842511506195, 0.2996856826845139, 0.7452971832599884]], "fy": 5773.966255235283, "fx": 5773.966255235283}, {"id": 71, "img_name": "297", "width": 2736, "height": 3648, "position": [-2.994767816947085, 0.5324551891559162, -0.8019571674682036], "rotation": [[0.3493901253756399, -0.46712963809540287, 0.8122293035238587], [0.5958619879484263, 0.7797631112927219, 0.19214052561925546], [-0.723100982994868, 0.41684456513183904, 0.5507863260030187]], "fy": 5773.966255235283, "fx": 5773.966255235283}, {"id": 72, "img_name": "299", "width": 2736, "height": 3648, "position": [-3.4228871881210376, -0.7281489164811406, 0.33567853325215014], "rotation": [[-0.03119685759365591, -0.559978081480411, 0.8279198658914997], [0.6337260416682935, 0.6294643521499101, 0.4496286617687203], [-0.7729282374112861, 0.5387013807611896, 0.33523538324328245]], "fy": 5773.966255235283, "fx": 5773.966255235283}, {"id": 73, "img_name": "300", "width": 2736, "height": 3648, "position": [-3.4048192512748163, -1.3549836859922004, 1.014862514613568], "rotation": [[-0.2660628529147992, -0.5183115156706919, 0.8127507188689453], [0.604035971025331, 0.5674349723432428, 0.559605305433489], [-0.7512330557199428, 0.6398208537434311, 0.16210543207648417]], "fy": 5773.966255235283, "fx": 5773.966255235283}, {"id": 74, "img_name": "301", "width": 2736, "height": 3648, "position": [-3.1288000656370625, -1.806359927588126, 1.653988723462628], "rotation": [[-0.47396838734765856, -0.4792516826999895, 0.7386960081280315], [0.5423622340113107, 0.5019949440288438, 0.6736796592504024], [-0.6936837715510724, 0.7199436789073898, 0.021998279204816888]], "fy": 5773.966255235283, "fx": 5773.966255235283}, {"id": 75, "img_name": "302", "width": 2736, "height": 3648, "position": [-2.6683429126673444, -2.2037785105288066, 2.231786304463188], "rotation": [[-0.6849314667814232, -0.4094840943236656, 0.60265384949287], [0.43935244573764975, 0.4277160488533567, 0.7899546885598048], [-0.581238603533001, 0.8058422662340318, -0.11304834237531546]], "fy": 5773.966255235283, "fx": 5773.966255235283}, {"id": 76, "img_name": "303", "width": 2736, "height": 3648, "position": [-2.0679862431024625, -2.548449656108141, 2.6924305766025687], "rotation": [[-0.8170031205102691, -0.33111878681546847, 0.47208712129683694], [0.34039557265625403, 0.3838845769183968, 0.8583492795594369], [-0.46544253693931215, 0.8619704058852807, -0.200923528202799]], "fy": 5773.966255235283, "fx": 5773.966255235283}, {"id": 77, "img_name": "304", "width": 2736, "height": 3648, "position": [-1.3550279486695789, -2.9574774981631253, 3.1246570886456086], "rotation": [[-0.9277821292622698, -0.21089032359740925, 0.307807719257572], [0.21886938381122842, 0.36051639889494624, 0.9067106037528805], [-0.3021862231334537, 0.9085995804207702, -0.2883232370232032]], "fy": 5773.966255235283, "fx": 5773.966255235283}, {"id": 78, "img_name": "305", "width": 2736, "height": 3648, "position": [-0.4373002524376948, -3.030571472731459, 3.3477428365875306], "rotation": [[-0.9850522715945881, -0.12560346293527472, 0.11788041535814792], [0.06889267844102492, 0.33995135051814046, 0.9379162426027785], [-0.15787913441479196, 0.9320176228910908, -0.32621669107646334]], "fy": 5773.966255235283, "fx": 5773.966255235283}, {"id": 79, "img_name": "307", "width": 2736, "height": 3648, "position": [1.2447737906106848, -3.0432815039085397, 3.420403682953041], "rotation": [[-0.9676878449947011, 0.08245289309650843, -0.238289225668152], [-0.19488925608501512, 0.35506539128553827, 0.9143012336062316], [0.1599950390235307, 0.9311982003479514, -0.327523280327667]], "fy": 5773.966255235283, "fx": 5773.966255235283}, {"id": 80, "img_name": "308", "width": 2736, "height": 3648, "position": [2.0574953474045468, -2.8895276708140085, 3.275409181178117], "rotation": [[-0.9025783179588169, 0.17091151358444748, -0.3951476109948093], [-0.3106616377028789, 0.37688221310553766, 0.8726105341470713], [0.29806329329589887, 0.9103565521096365, -0.2870700632609701]], "fy": 5773.966255235283, "fx": 5773.966255235283}, {"id": 81, "img_name": "309", "width": 2736, "height": 3648, "position": [2.6254283488509764, -2.5166055101870164, 2.964855758433783], "rotation": [[-0.8138302087173358, 0.2635732818528419, -0.5178894828748887], [-0.3927323095497626, 0.4073969405645017, 0.8244932175915053], [0.4283009740997638, 0.8743894200595099, -0.22803819345273507]], "fy": 5773.966255235283, "fx": 5773.966255235283}, {"id": 82, "img_name": "310", "width": 2736, "height": 3648, "position": [3.2223099766609082, -1.9449652924299006, 2.4410400820297906], "rotation": [[-0.6778640803646666, 0.3513351496183263, -0.6458048476080313], [-0.4918436598542068, 0.43617640441645406, 0.7535515632599757], [0.5464339876074543, 0.8284405572357031, -0.12286635143282354]], "fy": 5773.966255235283, "fx": 5773.966255235283}, {"id": 83, "img_name": "311", "width": 2736, "height": 3648, "position": [3.9601822027458464, -1.6490461587027228, 1.839598089615919], "rotation": [[-0.4752771881880728, 0.425835952691517, -0.7699190449543036], [-0.5925366763279535, 0.4919534652862033, 0.6378730870628717], [0.6503936358808107, 0.7593717991789031, 0.01850916036817394]], "fy": 5773.966255235283, "fx": 5773.966255235283}, {"id": 84, "img_name": "312", "width": 2736, "height": 3648, "position": [4.117735254060295, -1.0046093281016042, 1.2472340222909666], "rotation": [[-0.27836140128440745, 0.48245204197624203, -0.8305148749227403], [-0.6222147200006083, 0.5681369129817182, 0.5385808113200544], [0.7316855694145848, 0.6666786897003367, 0.14204137499298075]], "fy": 5773.966255235283, "fx": 5773.966255235283}, {"id": 85, "img_name": "313", "width": 2736, "height": 3648, "position": [4.239792050414143, -0.43298406302462233, 0.5025939704277876], "rotation": [[-0.0701358166819982, 0.503232311799502, -0.8613003004639423], [-0.625076730014857, 0.6507190687554693, 0.4310960161633929], [0.7774059742581618, 0.5686140465367906, 0.2689200945797357]], "fy": 5773.966255235283, "fx": 5773.966255235283}, {"id": 86, "img_name": "315", "width": 2736, "height": 3648, "position": [3.8893100175932442, 0.6468892078626474, -0.9485755838547392], "rotation": [[0.4147763072479448, 0.4503571687492387, -0.7906573439246158], [-0.5707134590004334, 0.8055234821454862, 0.15943044699169506], [0.7086937015816629, 0.3851108155692082, 0.5911369528883305]], "fy": 5773.966255235283, "fx": 5773.966255235283}, {"id": 87, "img_name": "316", "width": 2736, "height": 3648, "position": [3.274735882655048, 1.1791171797197313, -1.5696106536670782], "rotation": [[0.5926934947442904, 0.3729878854404615, -0.7138588506157592], [-0.48537110903432684, 0.8727006850051221, 0.0529943478719971], [0.6427513576824146, 0.3150770567753924, 0.6982815624740273]], "fy": 5773.966255235283, "fx": 5773.966255235283}, {"id": 88, "img_name": "317", "width": 2736, "height": 3648, "position": [2.6225021731521374, 1.5899587182429074, -2.050270522738641], "rotation": [[0.7784836181677811, 0.2783949280220274, -0.5625473493813749], [-0.3734616154175373, 0.9257891135886531, -0.058659517305036636], [0.5044696998374867, 0.25575531512042243, 0.8246814783499928]], "fy": 5773.966255235283, "fx": 5773.966255235283}, {"id": 89, "img_name": "318", "width": 2736, "height": 3648, "position": [1.6629207918296673, 1.8831575479418126, -2.270282029144386], "rotation": [[0.8935514837561878, 0.2171592466684609, -0.3929473342109625], [-0.27228794559996733, 0.9580227072544519, -0.08973163915698898], [0.35696641376754823, 0.18717466166988905, 0.9151724566827271]], "fy": 5773.966255235283, "fx": 5773.966255235283}, {"id": 90, "img_name": "319", "width": 2736, "height": 3648, "position": [0.89334697662723, 1.990019211709875, -2.763721362407411], "rotation": [[0.9809866448481387, 0.06746959078806139, -0.1819699341882698], [-0.0948774330952186, 0.9846666789995538, -0.14638922076864802], [0.16930290995388708, 0.1608707107800584, 0.9723462033114877]], "fy": 5773.966255235283, "fx": 5773.966255235283}, {"id": 91, "img_name": "320", "width": 2736, "height": 3648, "position": [0.02461254637655806, 2.000168721888642, -2.8063020355640065], "rotation": [[0.998568554359734, -0.051445668698178626, 0.014635074858305326], [0.053104694183597936, 0.986248426378382, -0.15650537665470687], [-0.006382295792071739, 0.15705853889032068, 0.9875686718715109]], "fy": 5773.966255235283, "fx": 5773.966255235283}, {"id": 92, "img_name": "321", "width": 2736, "height": 3648, "position": [-0.8822161041510658, 1.867674749280279, -2.6539476291278548], "rotation": [[0.9706382899409287, -0.1497867751208074, 0.18821591882584784], [0.178274475885231, 0.9732650220911189, -0.1448219873562712], [-0.16149155194125683, 0.17412386043527311, 0.9713914555310449]], "fy": 5773.966255235283, "fx": 5773.966255235283}, {"id": 93, "img_name": "323", "width": 2736, "height": 3648, "position": [-0.6230165721293125, 1.591869819650741, -3.4529200072567563], "rotation": [[0.9777115073606298, -0.18185178419710474, 0.10492919974408839], [0.185778899383454, 0.9821673677101508, -0.02886974799311295], [-0.09780802072671554, 0.047719916069111336, 0.994060561883369]], "fy": 5773.966255235283, "fx": 5773.966255235283}, {"id": 94, "img_name": "324", "width": 2736, "height": 3648, "position": [0.22192257150853062, 1.677078858904006, -3.4039023882099135], "rotation": [[0.9971957299115138, -0.04659232436798717, -0.05856476377679338], [0.04443125887388806, 0.9983017170389185, -0.037676849550206316], [0.06022075623175854, 0.03496908730772948, 0.997572365020072]], "fy": 5773.966255235283, "fx": 5773.966255235283}, {"id": 95, "img_name": "325", "width": 2736, "height": 3648, "position": [1.372480690917882, 1.6298412642462763, -3.425915589010369], "rotation": [[0.9636417613778063, 0.07849452250067684, -0.2554078418257155], [-0.09310441946671583, 0.9946113770695153, -0.04560455766311221], [0.2504518372950073, 0.06772605511376723, 0.965757246234416]], "fy": 5773.966255235283, "fx": 5773.966255235283}, {"id": 96, "img_name": "326", "width": 2736, "height": 3648, "position": [2.155555588573157, 1.3545887314586984, -3.0281650873940698], "rotation": [[0.8884283783222172, 0.20266427507581822, -0.4118521678949235], [-0.22162326384181644, 0.9751307637340603, 0.0017670720213767324], [0.40196784139512426, 0.08970610473887043, 0.9112489611827951]], "fy": 5773.966255235283, "fx": 5773.966255235283}, {"id": 97, "img_name": "327", "width": 2736, "height": 3648, "position": [-0.6539136387654453, 1.4880875479316058, -2.889407192561244], "rotation": [[0.9720080919382149, -0.19179722394796858, 0.13569854123196626], [0.1975540634003359, 0.9798271668240849, -0.030184684651378916], [-0.1271717784755994, 0.0561475559516165, 0.9902902557937311]], "fy": 5773.966255235283, "fx": 5773.966255235283}, {"id": 98, "img_name": "328", "width": 2736, "height": 3648, "position": [-1.7390266989864145, 1.2264484343036919, -2.746128752669238], "rotation": [[0.8712241829223428, -0.3516847803089218, 0.34247078472529785], [0.3555660589344297, 0.9331086214309342, 0.05367567740698748], [-0.3384393606322019, 0.07500743903324973, 0.9379939676056235]], "fy": 5773.966255235283, "fx": 5773.966255235283}, {"id": 99, "img_name": "329", "width": 2736, "height": 3648, "position": [-2.609470527289447, 0.751357013908878, -2.4721827964963614], "rotation": [[0.7111448208826242, -0.478915633793524, 0.5146968616962492], [0.48352426866133996, 0.8646306825539857, 0.1364480282076112], [-0.510369792745747, 0.1518341150544768, 0.8464449634549711]], "fy": 5773.966255235283, "fx": 5773.966255235283}, {"id": 100, "img_name": "331", "width": 2736, "height": 3648, "position": [-3.481353335404922, -0.2819957879214034, -1.2022740731462696], "rotation": [[0.3042061180710799, -0.6407990616169468, 0.7048653774721555], [0.6393187731528243, 0.6858796053705131, 0.34762145105150916], [-0.7062082865716681, 0.3448850961807855, 0.6183236421243157]], "fy": 5773.966255235283, "fx": 5773.966255235283}, {"id": 101, "img_name": "332", "width": 2736, "height": 3648, "position": [-3.5823037972397485, -0.8362350520831489, -0.5468516279169988], "rotation": [[0.09716743727674179, -0.6619809544042315, 0.7431956035520747], [0.6613997017123434, 0.6009411816006145, 0.44879854147632936], [-0.7437129309806935, 0.44794074637447306, 0.49622592035240004]], "fy": 5773.966255235283, "fx": 5773.96625523