[{"id": 0, "img_name": "004", "width": 2736, "height": 3648, "position": [4.479682036318795, -0.08062452743212183, -0.7304857949615954], "rotation": [[0.19282982461445503, 0.658721617693045, -0.7272568247345749], [-0.6355985349719497, 0.6485091246725503, 0.418868019258995], [0.7475501060669241, 0.3814731256593317, 0.5437343959315338]], "fy": 2848.3453005289066, "fx": 2848.3453005289066}, {"id": 1, "img_name": "021", "width": 2736, "height": 3648, "position": [-3.651074489026211, 1.2953385077783255, -1.6935012945973866], "rotation": [[0.5903585702341354, -0.5630810560295542, 0.578287543434708], [0.5512072271457179, 0.8046333137680397, 0.2207619150057192], [-0.5896162746171754, 0.18842758480462818, 0.7853965202311876]], "fy": 2848.3453005289066, "fx": 2848.3453005289066}, {"id": 2, "img_name": "036", "width": 2736, "height": 3648, "position": [2.34720590831462, -2.952139220473801, 2.5925537008712243], "rotation": [[-0.8022706436961314, 0.4267848226252518, -0.41739253639724677], [-0.3814887620526222, 0.17125707045747512, 0.9083707064001353], [0.45916025382316406, 0.887989713338536, 0.02541909349272309]], "fy": 2848.3453005289066, "fx": 2848.3453005289066}, {"id": 3, "img_name": "052", "width": 2736, "height": 3648, "position": [1.8546965627018217, 1.8958643456654833, -2.6050066500041615], "rotation": [[0.8756051204668954, 0.3187225859592754, -0.36294846219757676], [-0.31216506278077666, 0.9467929348489281, 0.07833333964045663], [0.36860364429998144, 0.04471075619563663, 0.9285107978312299]], "fy": 2848.3453005289066, "fx": 2848.3453005289066}, {"id": 4, "img_name": "068", "width": 2736, "height": 3648, "position": [-1.2289088801489763, -3.158843355831576, 2.9846525088581735], "rotation": [[-0.9504636083869011, -0.16119102565239898, 0.26577505974278315], [0.2474636999536825, 0.12501312084264793, 0.9607983330660061], [-0.18809743841261126, 0.9789735302173954, -0.07893149432453979]], "fy": 2848.3453005289066, "fx": 2848.3453005289066}, {"id": 5, "img_name": "084", "width": 2736, "height": 3648, "position": [0.31433948860215827, 2.047529322006066, -2.8726814112667243], "rotation": [[0.9924649819641348, 0.0658164690430494, -0.10335111019062672], [-0.07073325570293218, 0.9964955223707813, -0.044648409071853044], [0.10005031790350973, 0.051622343008519464, 0.9936423237713445]], "fy": 2848.3453005289066, "fx": 2848.3453005289066}, {"id": 6, "img_name": "100", "width": 2736, "height": 3648, "position": [3.868857729096903, -0.41477212192253105, 1.307710990348716], "rotation": [[-0.19429229132538567, 0.5673063270799296, -0.8002587311530013], [-0.6411731266846433, 0.5439689357599358, 0.5412899579205597], [0.7423931082310572, 0.6182728590058622, 0.2580526005831898]], "fy": 2848.3453005289066, "fx": 2848.3453005289066}, {"id": 7, "img_name": "116", "width": 2736, "height": 3648, "position": [-4.3192618676823376, 0.3295145475978156, 0.7037182453106134], "rotation": [[0.06746278694374862, -0.5733439855341357, 0.8165325753634173], [0.6980144863299699, 0.611888621505987, 0.3719786173223017], [-0.7128986949429004, 0.5448568519559386, 0.44148211925895]], "fy": 2848.3453005289066, "fx": 2848.3453005289066}, {"id": 8, "img_name": "132", "width": 2736, "height": 3648, "position": [2.988684372715378, 0.2184397296467154, -1.0768951091916246], "rotation": [[0.42971340321886564, 0.6558556547101915, -0.6206446255940083], [-0.5858151433376281, 0.7255475198669556, 0.3611113599033182], [0.6871440961911663, 0.2084086288990351, 0.6959876683318821]], "fy": 2848.3453005289066, "fx": 2848.3453005289066}, {"id": 9, "img_name": "148", "width": 2736, "height": 3648, "position": [-3.056667907662354, -1.1989070776203692, 0.7330897203254185], "rotation": [[-0.3010262554712109, -0.7018950409692148, 0.6455436042435907], [0.6788122357371222, 0.3177349699532184, 0.6620109043530907], [-0.6697739485308093, 0.6374855608809126, 0.3808083737758367]], "fy": 2848.3453005289066, "fx": 2848.3453005289066}, {"id": 10, "img_name": "164", "width": 2736, "height": 3648, "position": [0.6875741542605653, 3.172167769292953, -1.8404978454277368], "rotation": [[0.9824467567364041, 0.10756538621733758, -0.15240753874410515], [-0.15304567724850204, 0.9318984538391821, -0.32884995424614094], [0.10665547737302689, 0.34640288598690494, 0.9320030309641032]], "fy": 2848.3453005289066, "fx": 2848.3453005289066}, {"id": 11, "img_name": "180", "width": 2736, "height": 3648, "position": [0.17795284256944113, -2.3698814633621073, 4.15083630755379], "rotation": [[-0.9962721949476125, 0.0704459958405901, -0.04979031275553086], [-0.02476028049822876, 0.31937428222833314, 0.9473051231576795], [0.08263559816395746, 0.9450065764433413, -0.31643945454844963]], "fy": 2848.3453005289066, "fx": 2848.3453005289066}, {"id": 12, "img_name": "195", "width": 2736, "height": 3648, "position": [2.9866788409376253, -0.9087256320526214, 0.695187202351834], "rotation": [[-0.2175718547441458, 0.7187364046342344, -0.6603638911059917], [-0.6461189418025705, 0.40104817258060754, 0.6493771448963088], [0.7315687261406943, 0.5679598083695792, 0.3771324104471428]], "fy": 2848.3453005289066, "fx": 2848.3453005289066}, {"id": 13, "img_name": "203", "width": 2736, "height": 3648, "position": [2.0819806133119028, 0.9129120347940323, -1.6586427884352926], "rotation": [[0.7589740609578599, 0.48508310233503027, -0.4343417532567609], [-0.4570606159660279, 0.8720082665217932, 0.17520609706974266], [0.46373911645006777, 0.06554362628570018, 0.8835440367788301]], "fy": 2848.3453005289066, "fx": 2848.3453005289066}, {"id": 14, "img_name": "211", "width": 2736, "height": 3648, "position": [-3.2522196926635325, 2.631262807583855, -1.1554683221429491], "rotation": [[0.7195388665351111, -0.29061783199350266, 0.6307179205260969], [0.4277355273899779, 0.9009650156339282, -0.07283103193126671], [-0.5470887845256792, 0.3221852205349464, 0.772586917773698]], "fy": 2848.3453005289066, "fx": 2848.3453005289066}, {"id": 15, "img_name": "219", "width": 2736, "height": 3648, "position": [-2.573368293913997, -2.093140257124388, 2.742735806749657], "rotation": [[-0.7475934122730188, -0.39743895826677894, 0.5321149916867609], [0.4485095581102915, 0.2887954125601754, 0.845834727336203], [-0.4898400414519981, 0.8709991298135812, -0.03764637637660826]], "fy": 2848.3453005289066, "fx": 2848.3453005289066}, {"id": 16, "img_name": "007", "width": 2736, "height": 3648, "position": [3.810028549613947, 1.0713840145616609, -1.8717812341361053], "rotation": [[0.5390926870273786, 0.570451148406917, -0.6196487408805335], [-0.5535983717339412, 0.7944527093819748, 0.24974734306728563], [0.6347502797219785, 0.2083995677463587, 0.744084472728736]], "fy": 2848.3453005289066, "fx": 2848.3453005289066}, {"id": 17, "img_name": "008", "width": 2736, "height": 3648, "position": [3.0978486919067514, 1.663121945302092, -2.4163243981814255], "rotation": [[0.7500451284335923, 0.4455278569942662, -0.48881206404418126], [-0.4250275348755776, 0.8909484609471171, 0.15988256482041166], [0.5067384926277317, 0.08783944773312354, 0.8576131595954636]], "fy": 2848.3453005289066, "fx": 2848.3453005289066}, {"id": 18, "img_name": "010", "width": 2736, "height": 3648, "position": [1.5105298169937498, 2.1826183524281695, -2.9184918062682286], "rotation": [[0.943983532246833, 0.22210254954535366, -0.24406054235014413], [-0.21839758331997, 0.9749341373359289, 0.04249615814453415], [0.24738145938366024, 0.013186559160835302, 0.9688284307402979]], "fy": 2848.3453005289066, "fx": 2848.3453005289066}, {"id": 19, "img_name": "013", "width": 2736, "height": 3648, "position": [0.11985031300868454, 2.182010307105515, -2.7160181558494303], "rotation": [[0.9996590515030735, -0.019820240324909255, 0.01699820053529771], [0.019009797875949305, 0.9987335374668075, 0.04658270842010602], [-0.01789995342705973, -0.04624369375925655, 0.9987697995308074]], "fy": 2848.3453005289066, "fx": 2848.3453005289066}, {"id": 20, "img_name": "014", "width": 2736, "height": 3648, "position": [-0.4703572876372595, 2.194100937807415, -2.78290324736944], "rotation": [[0.988813633910439, -0.11626801405646463, 0.09343097077628053], [0.11405242539387762, 0.9930591809001438, 0.02873164617124252], [-0.0961230547507018, -0.01775421463487597, 0.9952111063528644]], "fy": 2848.3453005289066, "fx": 2848.3453005289066}, {"id": 21, "img_name": "016", "width": 2736, "height": 3648, "position": [-2.010497576880633, 1.9163704078137822, -2.3886762962928016], "rotation": [[0.8957095853443876, -0.3198343533895722, 0.30888561817290766], [0.3093953583704135, 0.947248338970818, 0.0836366937167507], [-0.31934127660079986, 0.02065358828146718, 0.9474146813038477]], "fy": 2848.3453005289066, "fx": 2848.3453005289066}, {"id": 22, "img_name": "018", "width": 2736, "height": 3648, "position": [-2.7275067917356934, 1.587001974184126, -1.9605627774775376], "rotation": [[0.7663036591367225, -0.46466274267859775, 0.44369723636740477], [0.4475514663568201, 0.8815470363424865, 0.15024149785475047], [-0.4609516102103664, 0.08344673919442333, 0.8834932114975692]], "fy": 2848.3453005289066, "fx": 2848.3453005289066}, {"id": 23, "img_name": "022", "width": 2736, "height": 3648, "position": [-5.062549558979438, 0.38389425731652543, -1.052852753418262], "rotation": [[0.25596691028921426, -0.5922923888594538, 0.7639834205898416], [0.6611178858818685, 0.6838490862730607, 0.3086641672928501], [-0.7052688010993269, 0.4260752906502106, 0.5666178296641015]], "fy": 2848.3453005289066, "fx": 2848.3453005289066}, {"id": 24, "img_name": "024", "width": 2736, "height": 3648, "position": [-4.493439963851062, -1.881556727840793, 1.4754618442832246], "rotation": [[-0.39547632760879664, -0.5777211013097759, 0.7140285732395301], [0.6342900944185785, 0.39046896514768265, 0.6672406337888666], [-0.6642849918698522, 0.7167791266198515, 0.21202153951557054]], "fy": 2848.3453005289066, "fx": 2848.3453005289066}, {"id": 25, "img_name": "027", "width": 2736, "height": 3648, "position": [-3.4849073385219795, -2.943343420240594, 2.647838150533236], "rotation": [[-0.7240084952269878, -0.4264218983722061, 0.5421955951755748], [0.4842163050977694, 0.2456242066669626, 0.8397638471479282], [-0.4912700568084887, 0.8705361070558011, 0.028646423782296173]], "fy": 2848.3453005289066, "fx": 2848.3453005289066}, {"id": 26, "img_name": "028", "width": 2736, "height": 3648, "position": [-1.9840158653527167, -3.200638318069355, 2.963669633206694], "rotation": [[-0.8866567237149976, -0.2971493870585289, 0.35431920080871504], [0.3199039864372504, 0.15913146059266062, 0.9339906946598568], [-0.33391809437726105, 0.9414772541173722, -0.04603570600166156]], "fy": 2848.3453005289066, "fx": 2848.3453005289066}, {"id": 27, "img_name": "030", "width": 2736, "height": 3648, "position": [-1.3143504699340687, -3.5322982493942496, 3.320409055374849], "rotation": [[-0.9561745591730136, -0.16285011554785553, 0.24333115759463106], [0.2261142325394721, 0.1172857658594457, 0.9670141689602322], [-0.18601765032753909, 0.9796549846720598, -0.07532293657185699]], "fy": 2848.3453005289066, "fx": 2848.3453005289066}, {"id": 28, "img_name": "032", "width": 2736, "height": 3648, "position": [-0.10554128601067612, -3.385598016689684, 3.2088426343967744], "rotation": [[-0.9994558339163487, 0.019659967911195335, 0.02648625515821786], [0.028218625580062988, 0.09381633220546597, 0.9951895321906706], [0.017080550955623983, 0.9953953895177756, -0.09432005781278902]], "fy": 2848.3453005289066, "fx": 2848.3453005289066}, {"id": 29, "img_name": "034", "width": 2736, "height": 3648, "position": [1.2606535881180172, -3.3725444681553176, 3.1270327582618], "rotation": [[-0.9605684757957711, 0.20127345632966825, -0.19182596040290945], [-0.17517265555049916, 0.09769070771404281, 0.9796790629454708], [0.21592300492253166, 0.9746514871498626, -0.05858100837119294]], "fy": 2848.3453005289066, "fx": 2848.3453005289066}, {"id": 30, "img_name": "039", "width": 2736, "height": 3648, "position": [3.590948918535825, -2.3696243606165233, 1.7990951801560975], "rotation": [[-0.5391303197773393, 0.5702166867162769, -0.6198317743445357], [-0.550666026724702, 0.31819805029014986, 0.7716974328082068], [0.6372640153876676, 0.7573657841372677, 0.14244874064072188]], "fy": 2848.3453005289066, "fx": 2848.3453005289066}, {"id": 31, "img_name": "040", "width": 2736, "height": 3648, "position": [3.618708351686996, -1.500904691246222, 0.8804101772057912], "rotation": [[-0.26836940738017884, 0.6538487550084084, -0.7074317399978357], [-0.6278992487391403, 0.43820352135880913, 0.6432108575743751], [0.7305616980209371, 0.6168139747465957, 0.2929507227198307]], "fy": 2848.3453005289066, "fx": 2848.3453005289066}, {"id": 32, "img_name": "042", "width": 2736, "height": 3648, "position": [3.9333966076119578, -0.5502393553158731, -0.14634625544225663], "rotation": [[0.09366599797868844, 0.675746643981083, -0.7311587748026827], [-0.6585821734471274, 0.5928101162958628, 0.4635144947409341], [0.7466566825792922, 0.43811258731699243, 0.500560844647378]], "fy": 2848.3453005289066, "fx": 2848.3453005289066}, {"id": 33, "img_name": "044", "width": 2736, "height": 3648, "position": [3.157592612332107, 0.5591441290424677, -1.2325236475290107], "rotation": [[0.4914908478199811, 0.5964082747642532, -0.6346132021175762], [-0.5834101666221426, 0.7665036637011139, 0.26852320386643236], [0.6465828052083662, 0.23826309686037606, 0.7246801864846194]], "fy": 2848.3453005289066, "fx": 2848.3453005289066}, {"id": 34, "img_name": "047", "width": 2736, "height": 3648, "position": [2.7032314326805014, 1.183191642317317, -1.9124231018606097], "rotation": [[0.7036681239508119, 0.47044972533081714, -0.5324736869289443], [-0.46566208078313365, 0.8713722935761775, 0.15449644820679304], [0.5366656294717103, 0.13923857915086124, 0.832227505084867]], "fy": 2848.3453005289066, "fx": 2848.3453005289066}, {"id": 35, "img_name": "048", "width": 2736, "height": 3648, "position": [1.4487364493230122, 1.8435443276666725, -2.493472689378347], "rotation": [[0.9282981310652899, 0.2420383999821014, -0.28227644746736164], [-0.2368474884206585, 0.9701046124687159, 0.0529179373723928], [0.28664585657133773, 0.01773284526032829, 0.9578724858296417]], "fy": 2848.3453005289066, "fx": 2848.3453005289066}, {"id": 36, "img_name": "050", "width": 2736, "height": 3648, "position": [0.06390138073689351, 2.11862696547749, -2.815475990003808], "rotation": [[0.9999999685853943, -0.00018625186163930067, 0.00016774818749574366], [0.0001862232810885666, 0.9999999681462476, 0.00017037720926206038], [-0.00016777991522474038, -0.00017034596529185545, 0.9999999714160756]], "fy": 2848.3453005289066, "fx": 2848.3453005289066}, {"id": 37, "img_name": "054", "width": 2736, "height": 3648, "position": [2.9160029937327554, 1.0265323281972272, -1.7224819594426142], "rotation": [[0.6405738434703196, 0.5196909632262783, -0.5653197801267931], [-0.5099654014042229, 0.8383105763904908, 0.1927969576587571], [0.5741083873558129, 0.1647928404172525, 0.802024238608112]], "fy": 2848.3453005289066, "fx": 2848.3453005289066}, {"id": 38, "img_name": "056", "width": 2736, "height": 3648, "position": [3.5825365913142324, 0.09645560514842058, -0.736734856598104], "rotation": [[0.33097784114506973, 0.6422778221087985, -0.6913268893209112], [-0.6174689913114675, 0.7014101559971799, 0.3560278610345135], [0.7135725004789267, 0.3090355841827775, 0.628737858148419]], "fy": 2848.3453005289066, "fx": 2848.3453005289066}, {"id": 39, "img_name": "058", "width": 2736, "height": 3648, "position": [3.7897928630001187, -0.6835827590053898, 0.17329936610556548], "rotation": [[0.012780906246126175, 0.7006685402982681, -0.7133724448503896], [-0.6460992502061504, 0.5502834276050965, 0.5289082228385533], [0.7631463865593403, 0.4541494753266602, 0.4597345394267667]], "fy": 2848.3453005289066, "fx": 2848.3453005289066}, {"id": 40, "img_name": "060", "width": 2736, "height": 3648, "position": [3.6123333771338046, -1.534606676438003, 1.2206133842441378], "rotation": [[-0.41985246661322245, 0.6603502557950621, -0.6226246429030811], [-0.5704061826917713, 0.34161307443115113, 0.746952002557526], [0.7059466644342152, 0.6687585865236371, 0.23324077672035082]], "fy": 2848.3453005289066, "fx": 2848.3453005289066}, {"id": 41, "img_name": "063", "width": 2736, "height": 3648, "position": [3.0777356236112365, -2.6111621478925895, 2.2734637681247296], "rotation": [[-0.708045427637687, 0.5188697050690647, -0.4790051164266479], [-0.42424734100024847, 0.2297059668477176, 0.8759277153103294], [0.5645226886986772, 0.8234132607361243, 0.05748683317351352]], "fy": 2848.3453005289066, "fx": 2848.3453005289066}, {"id": 42, "img_name": "064", "width": 2736, "height": 3648, "position": [1.4004805837588867, -3.18758017192618, 2.9522460354500266], "rotation": [[-0.9028450699996952, 0.3475132141969317, -0.2531903346017829], [-0.2160669814206656, 0.14241407403308753, 0.9659364839662388], [0.37173355930963115, 0.9267970638040538, -0.05349171344402024]], "fy": 2848.3453005289066, "fx": 2848.3453005289066}, {"id": 43, "img_name": "066", "width": 2736, "height": 3648, "position": [-0.1228642674431173, -3.3288776091464958, 3.1521080011413756], "rotation": [[-0.9960532797209446, 0.07693600398394866, 0.04425737507050101], [0.051396959302482434, 0.09344297787439991, 0.9942971198089751], [0.07236170625136014, 0.9926476017081519, -0.09702846124434625]], "fy": 2848.3453005289066, "fx": 2848.3453005289066}, {"id": 44, "img_name": "070", "width": 2736, "height": 3648, "position": [-2.754334297703979, -2.6486869027370568, 2.4430131889207547], "rotation": [[-0.7288541336433014, -0.40252832993262083, 0.553843475607258], [0.5037226734215163, 0.23261482482335208, 0.8319578183739131], [-0.46371879426237694, 0.8853594111286422, 0.0332203698623454]], "fy": 2848.3453005289066, "fx": 2848.3453005289066}, {"id": 45, "img_name": "072", "width": 2736, "height": 3648, "position": [-3.775683029204282, -1.7198793948080162, 1.407689583206796], "rotation": [[-0.3943442564144558, -0.5568433963524044, 0.7310390135770108], [0.6695443472788686, 0.3707860675424672, 0.6436055151591749], [-0.629446562036718, 0.7432651774804954, 0.22661399225344453]], "fy": 2848.3453005289066, "fx": 2848.3453005289066}, {"id": 46, "img_name": "075", "width": 2736, "height": 3648, "position": [-4.179906750596091, -1.01148536593934, 0.6175965022025478], "rotation": [[-0.1524276415292924, -0.6111261943499842, 0.7767178307964369], [0.7007965741696881, 0.48732535245537106, 0.5209588875201927], [-0.6968859129942618, 0.6237297294770818, 0.35399328925362467]], "fy": 2848.3453005289066, "fx": 2848.3453005289066}, {"id": 47, "img_name": "076", "width": 2736, "height": 3648, "position": [-4.0817440645946785, 0.09018352473462098, -0.6287648940857072], "rotation": [[0.1925651135033946, -0.6081807889912153, 0.7700875307154684], [0.6811660815247662, 0.6477455610852848, 0.34123079795719685], [-0.7063507955977825, 0.45884835838905713, 0.5390053223874947]], "fy": 2848.3453005289066, "fx": 2848.3453005289066}, {"id": 48, "img_name": "078", "width": 2736, "height": 3648, "position": [-3.389479581640251, 0.908794377321591, -1.5475368705838743], "rotation": [[0.5730666924740232, -0.5104602601883717, 0.641112227886275], [0.5689941289560219, 0.8108487968067947, 0.13700332087417288], [-0.589779829419811, 0.28627705371788614, 0.755119329195158]], "fy": 2848.3453005289066, "fx": 2848.3453005289066}, {"id": 49, "img_name": "080", "width": 2736, "height": 3648, "position": [-2.2683924511621396, 1.5252700102542516, -2.2027040280333696], "rotation": [[0.861871799502161, -0.3335328721581822, 0.38201155010394716], [0.3565848804224701, 0.9341965374123561, 0.011137887629934265], [-0.3605887190096212, 0.12662011165955414, 0.9240904301237637]], "fy": 2848.3453005289066, "fx": 2848.3453005289066}, {"id": 50, "img_name": "083", "width": 2736, "height": 3648, "position": [-1.0484044829327286, 1.765086811418113, -2.469876709750869], "rotation": [[0.9835552029303236, -0.1254456936963521, 0.12993283157743735], [0.13205789816253197, 0.9902846199072118, -0.04355551753938146], [-0.123206632620099, 0.05999791253260425, 0.9905656849346972]], "fy": 2848.3453005289066, "fx": 2848.3453005289066}, {"id": 51, "img_name": "086", "width": 2736, "height": 3648, "position": [-2.318227546146768, 2.300468169545236, -1.7705452772716495], "rotation": [[0.8556416077504264, -0.27357287199318225, 0.4393578527756928], [0.34971164780935493, 0.9313845812823688, -0.10111639400182382], [-0.3815484274279362, 0.2401679526058136, 0.8926030204230773]], "fy": 2848.3453005289066, "fx": 2848.3453005289066}, {"id": 52, "img_name": "088", "width": 2736, "height": 3648, "position": [-0.9191615383768865, 2.6684766263640967, -2.0092866996977774], "rotation": [[0.9834021378176026, -0.10255654463873934, 0.1496742813162345], [0.13026789975940872, 0.9732993434095043, -0.188993815800677], [-0.12629532702377266, 0.20535467676775673, 0.9705044807220462]], "fy": 2848.3453005289066, "fx": 2848.3453005289066}, {"id": 53, "img_name": "090", "width": 2736, "height": 3648, "position": [0.20194351437588476, 2.6510023009970287, -2.2278368028091715], "rotation": [[0.9953593447405322, 0.04780010550609087, -0.08351601493908122], [-0.0589026747662384, 0.9889581561897114, -0.13598617654463704], [0.07609369056026259, 0.14027442824496927, 0.9871842963892132]], "fy": 2848.3453005289066, "fx": 2848.3453005289066}, {"id": 54, "img_name": "092", "width": 2736, "height": 3648, "position": [1.7181649449298806, 2.6527678882711974, -2.0867032711127336], "rotation": [[0.9002304850929729, 0.24177481541958118, -0.36211878208413634], [-0.2949807317106947, 0.9503830041883157, -0.09878518750002398], [0.32026776551612857, 0.195747500568511, 0.9268826648462507]], "fy": 2848.3453005289066, "fx": 2848.3453005289066}, {"id": 55, "img_name": "094", "width": 2736, "height": 3648, "position": [2.920839676752268, 2.057396693341121, -1.4310155931935873], "rotation": [[0.6650966949543341, 0.40283298442993504, -0.6287861107054553], [-0.4961583051079214, 0.8676760344493037, 0.031068239647030964], [0.5580979507517082, 0.2913140674557311, 0.776957393599637]], "fy": 2848.3453005289066, "fx": 2848.3453005289066}, {"id": 56, "img_name": "096", "width": 2736, "height": 3648, "position": [3.7801459241843602, 1.2868933799063595, -0.520217914380273], "rotation": [[0.32593422824705554, 0.5269931502582925, -0.7848854046533394], [-0.6167783235805555, 0.7477340795034221, 0.24592325207334417], [0.7164854348960316, 0.40394549871240143, 0.5687500818917159]], "fy": 2848.3453005289066, "fx": 2848.3453005289066}, {"id": 57, "img_name": "098", "width": 2736, "height": 3648, "position": [3.8022201404662344, 0.44873255664252826, 0.3010100787064602], "rotation": [[0.10680346518416904, 0.5779417718848897, -0.809058915120035], [-0.6646891054456895, 0.6466611123054173, 0.37418952274713596], [0.7394466937693774, 0.49780790887899146, 0.4532172469479317]], "fy": 2848.3453005289066, "fx": 2848.3453005289066}, {"id": 58, "img_name": "102", "width": 2736, "height": 3648, "position": [2.902060832979661, -2.1868111988858416, 2.186311862964268], "rotation": [[-0.6637686332517221, 0.4997574069244292, -0.5564653949126676], [-0.47260440588370534, 0.29640291391130613, 0.8299339661468234], [0.5797036113829638, 0.8138721317560007, 0.03944459532676569]], "fy": 2848.3453005289066, "fx": 2848.3453005289066}, {"id": 59, "img_name": "105", "width": 2736, "height": 3648, "position": [2.234320713416737, -1.9685594183902306, 3.1100983502225805], "rotation": [[-0.8007011286464978, 0.38430888186485945, -0.45954802350135987], [-0.3574988623316993, 0.30900863591538813, 0.8813105164249725], [0.480699767022791, 0.8699542207780204, -0.11003357548831147]], "fy": 2848.3453005289066, "fx": 2848.3453005289066}, {"id": 60, "img_name": "107", "width": 2736, "height": 3648, "position": [0.8102913510250535, -2.2317634726340088, 3.5534329211951254], "rotation": [[-0.972381543504225, 0.18135488780126033, -0.1469167741373761], [-0.09628082023595953, 0.26173179121593804, 0.9603262326530433], [0.21261264663004256, 0.9479487718951319, -0.23704216577537326]], "fy": 2848.3453005289066, "fx": 2848.3453005289066}, {"id": 61, "img_name": "108", "width": 2736, "height": 3648, "position": [-0.763136691726779, -2.382075237062736, 3.6221148115638098], "rotation": [[-0.9858099921524153, -0.040627082722774585, 0.16287449008943014], [0.1483786750639832, 0.24284972541882266, 0.9586489345168331], [-0.07850113476066393, 0.9692127996541521, -0.23337549320322568]], "fy": 2848.3453005289066, "fx": 2848.3453005289066}, {"id": 62, "img_name": "110", "width": 2736, "height": 3648, "position": [-1.9865157172517214, -2.1594958808222358, 3.381628169745947], "rotation": [[-0.8507752464693668, -0.27049786631425454, 0.45056895622581866], [0.39033684177449707, 0.24880842924024688, 0.88641497928031], [-0.35187871482728145, 0.930013585846162, -0.1060947698666809]], "fy": 2848.3453005289066, "fx": 2848.3453005289066}, {"id": 63, "img_name": "112", "width": 2736, "height": 3648, "position": [-3.2968453499000727, -1.4417299267753976, 2.617967172973955], "rotation": [[-0.5854570896583208, -0.4158182022220151, 0.6959419651592079], [0.5828920635945054, 0.3807249567566825, 0.7178337896067313], [-0.5634508304788872, 0.8259199295352264, 0.01947900483029056]], "fy": 2848.3453005289066, "fx": 2848.3453005289066}, {"id": 64, "img_name": "114", "width": 2736, "height": 3648, "position": [-4.066514904386398, -0.5670949789956745, 1.6509624509114198], "rotation": [[-0.2505806079816442, -0.5124497082570231, 0.8213432019630046], [0.6895163221753077, 0.5010577347593347, 0.522980293980262], [-0.6795414633099195, 0.6973782638892153, 0.22778708632729255]], "fy": 2848.3453005289066, "fx": 2848.3453005289066}, {"id": 65, "img_name": "119", "width": 2736, "height": 3648, "position": [-4.212303281195373, 1.5636094853593177, -0.3333950644502661], "rotation": [[0.41389487838530176, -0.5089162529468186, 0.754781608899545], [0.6296574819536026, 0.7588479780703425, 0.16637668586193644], [-0.6574362973446666, 0.4063914291236007, 0.6345262179521132]], "fy": 2848.3453005289066, "fx": 2848.3453005289066}, {"id": 66, "img_name": "120", "width": 2736, "height": 3648, "position": [-3.268325742272117, 2.293228917418419, -1.3641014285504054], "rotation": [[0.7321861953909256, -0.4057431064707174, 0.547061154561767], [0.4798655510599053, 0.8773016005485523, 0.008423454215592013], [-0.48335538497562514, 0.25634826550308637, 0.8370502604913423]], "fy": 2848.3453005289066, "fx": 2848.3453005289066}, {"id": 67, "img_name": "122", "width": 2736, "height": 3648, "position": [-1.8920494202585783, 2.905241892110889, -1.9427148799341099], "rotation": [[0.9194527330641289, -0.2168168328248323, 0.32802001869506736], [0.27702080833879805, 0.9492297128107104, -0.14907187549841475], [-0.2790450562332586, 0.2279329140802282, 0.9328346280400792]], "fy": 2848.3453005289066, "fx": 2848.3453005289066}, {"id": 68, "img_name": "124", "width": 2736, "height": 3648, "position": [-0.9139143450562512, 1.2550014804775687, -2.1299558885609344], "rotation": [[0.9649887536768887, -0.20003080016666844, 0.1696596129366304], [0.1956243179785746, 0.9797585597686326, 0.04247694404629978], [-0.1747221551279128, -0.007800227226004486, 0.9845868803527094]], "fy": 2848.3453005289066, "fx": 2848.3453005289066}, {"id": 69, "img_name": "126", "width": 2736, "height": 3648, "position": [0.2939644948850272, 1.3830099191683254, -2.1900707764817713], "rotation": [[0.9890768511947904, 0.08981528365927872, -0.11687684651718672], [-0.08401620491756265, 0.9950195181736972, 0.05364173528730877], [0.12111259117799786, -0.04323624954348935, 0.9916967111892447]], "fy": 2848.3453005289066, "fx": 2848.3453005289066}, {"id": 70, "img_name": "128", "width": 2736, "height": 3648, "position": [1.6018463584570912, 1.2830310481764773, -2.242791779297994], "rotation": [[0.8910189803074051, 0.3073783236083988, -0.33407146377331065], [-0.2946853390616271, 0.9514021031892751, 0.08941246551324764], [0.3453197470086033, 0.018777758724467165, 0.9382972173587643]], "fy": 2848.3453005289066, "fx": 2848.3453005289066}, {"id": 71, "img_name": "130", "width": 2736, "height": 3648, "position": [2.6645933629073344, 0.9036236858826722, -1.9209519003468316], "rotation": [[0.6954076931391914, 0.479035472492877, -0.5356614195705665], [-0.4690630979920058, 0.8672962840705125, 0.166664230534397], [0.5444152371351947, 0.1353594168538221, 0.827822370949241]], "fy": 2848.3453005289066, "fx": 2848.3453005289066}, {"id": 72, "img_name": "135", "width": 2736, "height": 3648, "position": [3.3526469881217786, -0.5709194213623022, -0.2859192090826348], "rotation": [[0.11946842775852386, 0.690938657099095, -0.7129733984483609], [-0.6518209143355105, 0.5962635166506111, 0.46861424897912074], [0.7489037257242915, 0.4087463649227302, 0.5216029320840989]], "fy": 2848.3453005289066, "fx": 2848.3453005289066}, {"id": 73, "img_name": "136", "width": 2736, "height": 3648, "position": [2.4250710873364243, -1.5498704355661224, 0.8842324132486036], "rotation": [[-0.3770712923024245, 0.7426275689086138, -0.5534632186679262], [-0.5879599579336829, 0.26978934105703917, 0.7625724879109069], [0.715625829877598, 0.6129584042566758, 0.3349054586941048]], "fy": 2848.3453005289066, "fx": 2848.3453005289066}, {"id": 74, "img_name": "138", "width": 2736, "height": 3648, "position": [1.5620919575375658, -2.3836535642166967, 1.7757293649351382], "rotation": [[-0.7908828995938535, 0.5015459199674689, -0.35065072264862696], [-0.36170415816492113, 0.07908589221463051, 0.928932464509031], [0.4936338127562015, 0.8615086255033095, 0.11886356501121012]], "fy": 2848.3453005289066, "fx": 2848.3453005289066}, {"id": 75, "img_name": "140", "width": 2736, "height": 3648, "position": [0.5875046128967839, -2.483235481945242, 2.1132004683360663], "rotation": [[-0.9644179388190275, 0.2442005724836368, -0.10131199180117798], [-0.11732742643734277, -0.051916310709095755, 0.9917353334876935], [0.23692259134503788, 0.9683340214414756, 0.07872044606918545]], "fy": 2848.3453005289066, "fx": 2848.3453005289066}, {"id": 76, "img_name": "142", "width": 2736, "height": 3648, "position": [-0.7240259260682217, -2.5610176764581425, 2.205300507852375], "rotation": [[-0.987884970539642, -0.04453811042453519, 0.14865948238071644], [0.1515096151423914, -0.06947129483663464, 0.9860114480639287], [-0.033587520022994845, 0.9965892312851534, 0.07537760002263043]], "fy": 2848.3453005289066, "fx": 2848.3453005289066}, {"id": 77, "img_name": "144", "width": 2736, "height": 3648, "position": [-1.7546957606264484, -2.4629973160287446, 1.9230331909823049], "rotation": [[-0.8664576391540664, -0.33575019628283426, 0.36949014228744914], [0.3806329270519162, 0.034653491549183096, 0.9240766799174953], [-0.32306305018595344, 0.941313412854342, 0.09777179749324029]], "fy": 2848.3453005289066, "fx": 2848.3453005289066}, {"id": 78, "img_name": "147", "width": 2736, "height": 3648, "position": [-2.727691281266114, -1.9140632994976532, 1.3938508510907108], "rotation": [[-0.5621473835865215, -0.5948468331068498, 0.5745846885095172], [0.6115480793145875, 0.16874259476471043, 0.7730038055525414], [-0.5567757769636414, 0.7859282294553516, 0.26891923012627666]], "fy": 2848.3453005289066, "fx": 2848.3453005289066}, {"id": 79, "img_name": "151", "width": 2736, "height": 3648, "position": [-3.509693571647225, -0.41364463116795863, -0.26420586681249286], "rotation": [[0.11144723022225232, -0.7334817902722626, 0.6705102372184817], [0.696731146741172, 0.5387842563864385, 0.47357917419460505], [-0.7086220600831727, 0.4143862792239978, 0.5710856219117859]], "fy": 2848.3453005289066, "fx": 2848.3453005289066}, {"id": 80, "img_name": "152", "width": 2736, "height": 3648, "position": [-3.285211977800686, 0.5542908318251897, -1.4136714922546108], "rotation": [[0.4986661028333196, -0.6152237197710422, 0.6105996171928957], [0.6007349213355435, 0.7531147542014169, 0.2682083542548919], [-0.6248597219960711, 0.233062098238262, 0.7451391723643118]], "fy": 2848.3453005289066, "fx": 2848.3453005289066}, {"id": 81, "img_name": "155", "width": 2736, "height": 3648, "position": [-1.6957613532268692, 0.9685096045453633, -1.7227732027873035], "rotation": [[0.8292246753696934, -0.4556783966076358, 0.32364121589056116], [0.4107272157472867, 0.8895330403557943, 0.20008529271252953], [-0.3790641001235918, -0.03298740639200068, 0.9247822657344921]], "fy": 2848.3453005289066, "fx": 2848.3453005289066}, {"id": 82, "img_name": "156", "width": 2736, "height": 3648, "position": [-0.374845228454386, 1.1194543214142132, -2.138399561221137], "rotation": [[0.9957221108491631, -0.08653189794227104, 0.03239920685133694], [0.08348167395481242, 0.9927974017044252, 0.08593095648626638], [-0.039601617136042856, -0.08285861335703491, 0.9957741521614023]], "fy": 2848.3453005289066, "fx": 2848.3453005289066}, {"id": 83, "img_name": "158", "width": 2736, "height": 3648, "position": [0.8176395040988914, 1.1064567316229965, -2.0663275810849977], "rotation": [[0.9391114200511063, 0.24916892035824478, -0.23661062921411907], [-0.22174761701288, 0.9654871170263717, 0.13661120453760214], [0.26248378060120925, -0.07582529910005066, 0.9619525918347973]], "fy": 2848.3453005289066, "fx": 2848.3453005289066}, {"id": 84, "img_name": "160", "width": 2736, "height": 3648, "position": [1.7834816527233404, 0.6879002230584595, -1.554422946163767], "rotation": [[0.7518246455958024, 0.5040384794535528, -0.42509400549160453], [-0.41704285214147213, 0.8628716303825917, 0.2855307495850393], [0.5107200424424836, -0.03738663813501459, 0.8589338027674246]], "fy": 2848.3453005289066, "fx": 2848.3453005289066}, {"id": 85, "img_name": "162", "width": 2736, "height": 3648, "position": [2.4201745791380724, 2.7795038023869565, -1.6073264878965756], "rotation": [[0.8024620224056739, 0.28950109198642665, -0.5217698921318308], [-0.43223435636048496, 0.8848534849754404, -0.17380382995911092], [0.4113735088435242, 0.3649978463847215, 0.835193635246511]], "fy": 2848.3453005289066, "fx": 2848.3453005289066}, {"id": 86, "img_name": "166", "width": 2736, "height": 3648, "position": [-1.1336515511844307, 3.2741937309217812, -1.8462474434828766], "rotation": [[0.9753058380501087, -0.06697958158661842, 0.21045725911893973], [0.1410829802226046, 0.9220868697951017, -0.3603489936755466], [-0.16992385046509267, 0.3811424145932233, 0.9087663862848165]], "fy": 2848.3453005289066, "fx": 2848.3453005289066}, {"id": 87, "img_name": "169", "width": 2736, "height": 3648, "position": [-2.517816638343819, 3.014196214859631, -1.4885534657098953], "rotation": [[0.857809569380135, -0.1998305237303081, 0.473529834820931], [0.3332991293038441, 0.9176170675267731, -0.21654239259060826], [-0.39124727869362463, 0.3435792181859032, 0.8537440411186462]], "fy": 2848.3453005289066, "fx": 2848.3453005289066}, {"id": 88, "img_name": "170", "width": 2736, "height": 3648, "position": [-4.2197800767755345, 1.7478887149222821, -0.3248872510046053], "rotation": [[0.4305651004299107, -0.4186619808574832, 0.7995847922992712], [0.6118451098293, 0.786670716682111, 0.08243024379938095], [-0.6635203507577988, 0.45373045886224317, 0.5948692417926023]], "fy": 2848.3453005289066, "fx": 2848.3453005289066}, {"id": 89, "img_name": "172", "width": 2736, "height": 3648, "position": [-4.8049711144399625, 0.06301483682673094, 1.3835114647539863], "rotation": [[-0.0782602663685957, -0.43618683240959166, 0.8964465282103571], [0.6599597104859708, 0.6512977801989382, 0.37451886740618173], [-0.7472138323419808, 0.6209285375471338, 0.23689499787118298]], "fy": 2848.3453005289066, "fx": 2848.3453005289066}, {"id": 90, "img_name": "174", "width": 2736, "height": 3648, "position": [-4.721653852430281, -1.0072464071369724, 2.4378870352776065], "rotation": [[-0.39606303540865795, -0.4224424594402074, 0.8152769102856946], [0.6272787812171872, 0.5239291433560639, 0.5762114051082824], [-0.670563496335403, 0.739621944782799, 0.05748022423538385]], "fy": 2848.3453005289066, "fx": 2848.3453005289066}, {"id": 91, "img_name": "176", "width": 2736, "height": 3648, "position": [-3.222185681998567, -2.612776892839095, 2.5784998352664594], "rotation": [[-0.7017874698361704, -0.37464963290352216, 0.6059141851336722], [0.48286452804817254, 0.3751834526045573, 0.791251682111665], [-0.5237711281979578, 0.8478649830350229, -0.08239402775237051]], "fy": 2848.3453005289066, "fx": 2848.3453005289066}, {"id": 92, "img_name": "178", "width": 2736, "height": 3648, "position": [-1.3237356340861128, -2.1657604441244316, 4.202947626459475], "rotation": [[-0.9623270736910349, -0.0917556062930578, 0.2559443532392205], [0.2054073952880456, 0.37140988402582814, 0.9054625889615215], [-0.17814153137949068, 0.9239240265096013, -0.33857050674276934]], "fy": 2848.3453005289066, "fx": 2848.3453005289066}, {"id": 93, "img_name": "182", "width": 2736, "height": 3648, "position": [1.5295897433912355, -2.113827165929316, 3.956917426315584], "rotation": [[-0.9234979715040813, 0.21252146713587644, -0.31935266185560635], [-0.22984617856584272, 0.35996246118998537, 0.9042111261938371], [0.30711924528841456, 0.9084391297937705, -0.2835773556421805]], "fy": 2848.3453005289066, "fx": 2848.3453005289066}, {"id": 94, "img_name": "184", "width": 2736, "height": 3648, "position": [2.9230280422097032, -1.2263335819142804, 2.8640824777382505], "rotation": [[-0.6344601607038812, 0.4106416436671717, -0.6548539875162463], [-0.4901487916444781, 0.44134823855824823, 0.7516421318493193], [0.5976742143752417, 0.7978628784495834, -0.07874236891967418]], "fy": 2848.3453005289066, "fx": 2848.3453005289066}, {"id": 95, "img_name": "187", "width": 2736, "height": 3648, "position": [3.0266760640241106, -1.7685044288616276, 2.2060571993826383], "rotation": [[-0.6051468830957993, 0.4830058698202182, -0.632852731366985], [-0.5172628195956267, 0.36572575348716907, 0.7737466308167193], [0.6051747064636964, 0.7955815501602944, 0.028523178313821288]], "fy": 2848.3453005289066, "fx": 2848.3453005289066}, {"id": 96, "img_name": "188", "width": 2736, "height": 3648, "position": [2.7058185477258765, -1.9545104249757301, 1.7931327411595541], "rotation": [[-0.6477729515213335, 0.5473523912117481, -0.5299014654745929], [-0.4952262092768299, 0.22602007526746618, 0.838847976227749], [0.5789138147623022, 0.8058041234759663, 0.12465355857932202]], "fy": 2848.3453005289066, "fx": 2848.3453005289066}, {"id": 97, "img_name": "190", "width": 2736, "height": 3648, "position": [3.5440643686033555, 0.020128641795789267, 1.7065516729588894], "rotation": [[-0.20407875190886543, 0.5106990566156039, -0.8351876056259765], [-0.6484095013269967, 0.5686545047679279, 0.5061592366005166], [0.7334282388947096, 0.6448399241510056, 0.21509181902789884]], "fy": 2848.3453005289066, "fx": 2848.3453005289066}, {"id": 98, "img_name": "192", "width": 2736, "height": 3648, "position": [3.3956228353152844, -0.25476199903769065, 1.36427797349986], "rotation": [[-0.19416639188541565, 0.5804790655314753, -0.7907866126471187], [-0.6560416175614309, 0.5224932776569331, 0.5446192898077484], [0.7293207855872339, 0.6245356909601087, 0.2793677906047856]], "fy": 2848.3453005289066, "fx": 2848.3453005289066}, {"id": 99, "img_name": "194", "width": 2736, "height": 3648, "position": [3.261667362607417, -0.7245906157229254, 0.9485892308168833], "rotation": [[-0.19173105918940953, 0.6678020021190642, -0.7192215840114061], [-0.6543317754274186, 0.459210411975189, 0.6008125541294715], [0.7314978664412556, 0.585803963369442, 0.3489191710017442]], "fy": 2848.3453005289066, "fx": 2848.3453005289066}, {"id": 100, "img_name": "196", "width": 2736, "height": 3648, "position": [3.988276372852145, 1.9725689594341969, -0.3310326020317924], "rotation": [[0.4299285014590489, 0.3869393877790722, -0.8157446866626428], [-0.6424947868909469, 0.765892727022404, 0.02467345764464789], [0.6343200552175007, 0.5135038859437602, 0.577885651897955]], "fy": 2848.3453005289066, "fx": 2848.3453005289066}, {"id": 101, "img_name": "197", "width": 2736, "height": 3648, "position": [3.4462566762861697, 1.2507792149851762, -0.5616752959662916], "rotation": [[0.41186074526989114, 0.5185522633967337, -0.74931587