[{"id": 0, "img_name": "001", "width": 2736, "height": 3648, "position": [-3.4277538098960605, 2.514184302042007, -2.5287446286531545], "rotation": [[0.7541151011453686, -0.37890287858920096, 0.536416836817533], [0.4737406061525022, 0.8795272178330571, -0.04474048695647004], [-0.4548409087876447, 0.28786191427081737, 0.8427664362120563]], "fy": 2842.929442095916, "fx": 2842.9294420959163}, {"id": 1, "img_name": "009", "width": 2736, "height": 3648, "position": [-0.09097080136894008, -3.650798846155715, 2.793502778022338], "rotation": [[-0.9940663310502336, 0.050612030118392555, 0.09628370516147124], [0.0918660257716668, -0.0833612241381635, 0.992275939252336], [0.05824742725001377, 0.9952333036617501, 0.07821706016766827]], "fy": 2842.929442095916, "fx": 2842.9294420959163}, {"id": 2, "img_name": "017", "width": 2736, "height": 3648, "position": [4.06440691983808, -2.036788053181879, 1.0509881235779452], "rotation": [[-0.43151457032149404, 0.686358453086587, -0.5854120339357941], [-0.6480736923243371, 0.2155604701455999, 0.7304342359362054], [0.6275314055227487, 0.6945831538319909, 0.3517933732966671]], "fy": 2842.929442095916, "fx": 2842.9294420959163}, {"id": 3, "img_name": "025", "width": 2736, "height": 3648, "position": [0.4569046410806096, 2.3367825280344667, -2.16217144969028], "rotation": [[0.9978324360011686, 0.06436306537900535, -0.013704943596801779], [-0.0644067708530268, 0.9979198800152194, -0.002771450648285869], [0.01349805661046547, 0.003648134513428976, 0.9999022420128444]], "fy": 2842.929442095916, "fx": 2842.9294420959163}, {"id": 4, "img_name": "033", "width": 2736, "height": 3648, "position": [1.6857929370750742, 1.9115744486636177, -1.989439323521112], "rotation": [[0.8890292880765077, 0.32926673410468904, -0.31813573008106133], [-0.3307478952883388, 0.9423381878334379, 0.0510349832284321], [0.3165955696223686, 0.0598511283337606, 0.9466705275504588]], "fy": 2842.929442095916, "fx": 2842.9294420959163}, {"id": 5, "img_name": "041", "width": 2736, "height": 3648, "position": [-1.1147743644055848, 2.2356884200558773, -2.1651432223502787], "rotation": [[0.9321178433520013, -0.24887929154350083, 0.26308824440787704], [0.2677379294690096, 0.9627484441588618, -0.037839587647574], [-0.2438703082141436, 0.10570965665678744, 0.9640294296654242]], "fy": 2842.929442095916, "fx": 2842.9294420959163}, {"id": 6, "img_name": "049", "width": 2736, "height": 3648, "position": [-3.1470532124159774, -0.9529846356262022, 1.8166170166004345], "rotation": [[-0.39777453861805295, -0.4765479666359062, 0.7840136809535777], [0.7331607885684084, 0.3486399417333425, 0.583888216299936], [-0.5515892262661994, 0.8070639544195706, 0.2107061910426476]], "fy": 2842.929442095916, "fx": 2842.9294420959163}, {"id": 7, "img_name": "057", "width": 2736, "height": 3648, "position": [0.1930371889122866, -3.05528246119832, 3.4419305616885216], "rotation": [[-0.9860549384301832, 0.16530191808450986, 0.019259654073456534], [0.031661669740988274, 0.07272250026267729, 0.9968495255678047], [0.16338052841957582, 0.9835581903645184, -0.0769421152569467]], "fy": 2842.929442095916, "fx": 2842.9294420959163}, {"id": 8, "img_name": "065", "width": 2736, "height": 3648, "position": [2.822288485952017, -2.5734944286080275, 2.502314292298669], "rotation": [[-0.7662322834836442, 0.47942647144639594, -0.4278298098822682], [-0.4034523904306422, 0.15925555845471925, 0.9010348693347421], [0.500114243351697, 0.863010964923235, 0.07139900572855427]], "fy": 2842.929442095916, "fx": 2842.9294420959163}, {"id": 9, "img_name": "073", "width": 2736, "height": 3648, "position": [3.8873938422873935, -0.26709632380655457, 0.5035881355470642], "rotation": [[-0.03367052766070511, 0.6874317090938055, -0.7254680839977864], [-0.7078513160715219, 0.49603848093764435, 0.5028840221809482], [0.7055585091988217, 0.5304559084046888, 0.46989756259816073]], "fy": 2842.929442095916, "fx": 2842.9294420959163}, {"id": 10, "img_name": "081", "width": 2736, "height": 3648, "position": [0.4086611226245877, 2.3900719403669894, -1.7907742153112252], "rotation": [[0.9967696259940793, 0.05247636392368144, -0.0607992099041805], [-0.05980385418821679, 0.9902576735422509, -0.12575070184664197], [0.05360794455915802, 0.12898050713203865, 0.9901970597108962]], "fy": 2842.929442095916, "fx": 2842.9294420959163}, {"id": 11, "img_name": "089", "width": 2736, "height": 3648, "position": [-0.3331945317820448, 3.233951570783634, -1.539804527162527], "rotation": [[0.9943667213048557, -0.05104884231510507, 0.09289154568484073], [0.07530749672428544, 0.9569749717474246, -0.28022791507295913], [-0.07458957365847493, 0.28564474290156894, 0.955428425552717]], "fy": 2842.929442095916, "fx": 2842.9294420959163}, {"id": 12, "img_name": "097", "width": 2736, "height": 3648, "position": [-3.2468698773399822, 2.0970983368069023, -1.9519379427105443], "rotation": [[0.6989509946149458, -0.44041368538422404, 0.5634743054062572], [0.5269959127284124, 0.8498028643913457, 0.010507123289072004], [-0.48346955963568783, 0.28960469160314006, 0.8260667694001037]], "fy": 2842.929442095916, "fx": 2842.9294420959163}, {"id": 13, "img_name": "105", "width": 2736, "height": 3648, "position": [-2.8053683294306815, -2.385114227184633, 1.165490105446696], "rotation": [[-0.5997931573660212, -0.5161333164444151, 0.6114364791480698], [0.6339938907009077, 0.15964297862577323, 0.7566808217005475], [-0.4881597227658421, 0.8414989714976364, 0.23147260321168925]], "fy": 2842.929442095916, "fx": 2842.9294420959163}, {"id": 14, "img_name": "113", "width": 2736, "height": 3648, "position": [-0.4323973245882785, 1.6345199287803427, -1.9583414213382755], "rotation": [[0.9741058934573642, -0.16877135977433155, 0.15044579240229017], [0.16934857908669804, 0.985514564910319, 0.009060966335934681], [-0.14979575125131633, 0.016651440464647442, 0.9885767357355251]], "fy": 2842.929442095916, "fx": 2842.9294420959163}, {"id": 15, "img_name": "121", "width": 2736, "height": 3648, "position": [2.979271994407106, -1.1976238444856406, 0.1805538700586053], "rotation": [[-0.2301938218661479, 0.8038288478074261, -0.5485161691392897], [-0.680122260686528, 0.2702515012776308, 0.6814674141702105], [0.6960204845356943, 0.5299276455232096, 0.48449166723167186]], "fy": 2842.929442095916, "fx": 2842.9294420959163}, {"id": 16, "img_name": "129", "width": 2736, "height": 3648, "position": [-3.278053389475947, -1.684498954787864, 0.8438403525665942], "rotation": [[-0.3498710781203747, -0.5870848275618495, 0.730014817617807], [0.7635245271382974, 0.2728077788832942, 0.5853257317417396], [-0.5427895772333197, 0.7621727632416662, 0.35280611363670716]], "fy": 2842.929442095916, "fx": 2842.9294420959163}, {"id": 17, "img_name": "002", "width": 2736, "height": 3648, "position": [-4.241634053558053, 1.419270627365423, -1.4492153601489708], "rotation": [[0.440351768763219, -0.5570246744186625, 0.704140491546884], [0.6804600266955582, 0.7186973292038112, 0.1429975561497087], [-0.5857170578159604, 0.4161702308960741, 0.6955126649453074]], "fy": 2842.929442095916, "fx": 2842.9294420959163}, {"id": 18, "img_name": "003", "width": 2736, "height": 3648, "position": [-4.518860328902386, 0.25600674931403844, -0.41289351999393953], "rotation": [[0.17181191544959024, -0.6107718278787119, 0.7729414207941249], [0.7509873342007883, 0.5890000999238608, 0.29849104870946397], [-0.6375724975087432, 0.5291848982722194, 0.5598791421914951]], "fy": 2842.929442095916, "fx": 2842.9294420959163}, {"id": 19, "img_name": "004", "width": 2736, "height": 3648, "position": [-4.337928456698601, -0.6410106299924515, 0.4140838730595816], "rotation": [[-0.11149831092780947, -0.626683051808433, 0.7712564289756776], [0.7707471760671338, 0.435373547796767, 0.4651866985022195], [-0.6273092676222664, 0.6463112458057069, 0.4344707772684956]], "fy": 2842.929442095916, "fx": 2842.9294420959163}, {"id": 20, "img_name": "005", "width": 2736, "height": 3648, "position": [-3.867476781590306, -1.6761682002603677, 1.34819419652674], "rotation": [[-0.4318211973780267, -0.5772141805206519, 0.6930759289579174], [0.7092163863455683, 0.2574597616735134, 0.6562976370961207], [-0.5572634662652318, 0.7749440372858482, 0.2981931726937571]], "fy": 2842.929442095916, "fx": 2842.9294420959163}, {"id": 21, "img_name": "006", "width": 2736, "height": 3648, "position": [-3.0572776318976196, -2.306146086337972, 1.9768777826784096], "rotation": [[-0.6757496850564352, -0.46953246600515713, 0.5682443369829954], [0.6047112362858316, 0.08772193298310596, 0.7915991303578903], [-0.42152898341132994, 0.8785465985597023, 0.2246534894084385]], "fy": 2842.929442095916, "fx": 2842.9294420959163}, {"id": 22, "img_name": "007", "width": 2736, "height": 3648, "position": [-1.8542294077101622, -3.115228888429297, 2.4992065745259433], "rotation": [[-0.8936326025253033, -0.2621874797015178, 0.36425059669356613], [0.38183457030015994, -0.01765793770428063, 0.9240619882668716], [-0.23584556944650245, 0.9648553895396957, 0.11589195247581724]], "fy": 2842.929442095916, "fx": 2842.9294420959163}, {"id": 23, "img_name": "008", "width": 2736, "height": 3648, "position": [-0.7286514498835794, -3.5213645933890145, 2.7064616537974597], "rotation": [[-0.9821884341299085, -0.0782249039845119, 0.17084128382229954], [0.1760284740012511, -0.0650288421541065, 0.9822348120632288], [-0.06572561298480593, 0.9948126024959222, 0.07764038712591124]], "fy": 2842.929442095916, "fx": 2842.9294420959163}, {"id": 24, "img_name": "010", "width": 2736, "height": 3648, "position": [0.7039312378979665, -3.7167250430596255, 2.7563431219698855], "rotation": [[-0.9789930984375547, 0.19638394943917298, -0.054825702132374476], [-0.06847857942191019, -0.06341487507771672, 0.9956350926816684], [0.1920499866492904, 0.9784742704954226, 0.07553081891822382]], "fy": 2842.929442095916, "fx": 2842.9294420959163}, {"id": 25, "img_name": "011", "width": 2736, "height": 3648, "position": [1.1155324244537335, -3.6049811758018913, 2.62349600720319], "rotation": [[-0.9546444259319364, 0.2719868572472982, -0.1211493686397942], [-0.14310399727806258, -0.062315067615426836, 0.9877439335734362], [0.26110393715936797, 0.9602811993540342, 0.09841113842982532]], "fy": 2842.929442095916, "fx": 2842.9294420959163}, {"id": 26, "img_name": "012", "width": 2736, "height": 3648, "position": [1.510758695273601, -3.45185486817475, 2.465421701616323], "rotation": [[-0.9335977759772812, 0.31221819469497725, -0.17582659523429356], [-0.20035997064168168, -0.048048662464167724, 0.9785434115050129], [0.297070824644123, 0.9487945641374713, 0.10741415273811422]], "fy": 2842.929442095916, "fx": 2842.9294420959163}, {"id": 27, "img_name": "013", "width": 2736, "height": 3648, "position": [2.2249923847118924, -3.2360165692446667, 2.1972956344721437], "rotation": [[-0.8556311722425117, 0.4152886398907884, -0.30891850489176664], [-0.34053448647534523, -0.0022096730350554326, 0.9402294299084938], [0.3897839922417006, 0.9096870137155619, 0.14331076885351138]], "fy": 2842.929442095916, "fx": 2842.9294420959163}, {"id": 28, "img_name": "014", "width": 2736, "height": 3648, "position": [2.6223539849337256, -3.182446923832316, 2.126388766924589], "rotation": [[-0.7782194510566781, 0.49563041215780274, -0.3856487787369868], [-0.41837695638992134, 0.0487860003114344, 0.9069623192478942], [0.46833236953999724, 0.8671622804976583, 0.16939412895124822]], "fy": 2842.929442095916, "fx": 2842.9294420959163}, {"id": 29, "img_name": "015", "width": 2736, "height": 3648, "position": [2.9917452827444944, -2.971212505436538, 1.8719343989175037], "rotation": [[-0.727383381328919, 0.5325714483220302, -0.43275982830974885], [-0.4677657942409792, 0.07662915888755102, 0.8805243515918753], [0.5021041508537986, 0.8429090250082516, 0.1933799298144052]], "fy": 2842.929442095916, "fx": 2842.9294420959163}, {"id": 30, "img_name": "016", "width": 2736, "height": 3648, "position": [3.46551904085595, -2.5545479049145827, 1.5738390317354851], "rotation": [[-0.6212169141947526, 0.620600450185551, -0.4784815845441082], [-0.5249649867009888, 0.1237544091524237, 0.8420787427274039], [0.5818086526138811, 0.7742996367329807, 0.24891517490662202]], "fy": 2842.929442095916, "fx": 2842.9294420959163}, {"id": 31, "img_name": "018", "width": 2736, "height": 3648, "position": [4.124379099729949, -1.1609044122910994, 0.38236040895881945], "rotation": [[-0.197228762039087, 0.7545925177031529, -0.6258521771560328], [-0.7102578191941931, 0.3300509516404117, 0.6217718227732479], [0.6757474718399161, 0.5671476893611359, 0.47085969540223593]], "fy": 2842.929442095916, "fx": 2842.9294420959163}, {"id": 32, "img_name": "019", "width": 2736, "height": 3648, "position": [4.052222212388164, -0.25892961035265555, -0.40141931325039387], "rotation": [[0.08781760682049837, 0.7550159623950615, -0.6497991724071212], [-0.7333069353395705, 0.4904998854966593, 0.4708192868932316], [0.6742024966693667, 0.43515601668415793, 0.5967329676064239]], "fy": 2842.929442095916, "fx": 2842.9294420959163}, {"id": 33, "img_name": "020", "width": 2736, "height": 3648, "position": [3.737235492648414, 0.6343743989585503, -1.108468284390266], "rotation": [[0.369357481422053, 0.7097888778316555, -0.5998123038284867], [-0.705258028451699, 0.634410273398053, 0.3164407026781319], [0.605133178913518, 0.30614270187853065, 0.7349084853670784]], "fy": 2842.929442095916, "fx": 2842.9294420959163}, {"id": 34, "img_name": "021", "width": 2736, "height": 3648, "position": [3.1406942912482703, 1.2563005642690808, -1.4867210202211816], "rotation": [[0.5860253812693375, 0.6358801708712053, -0.5022257070291546], [-0.6222577425546844, 0.750164354785754, 0.2237157630557615], [0.5190082411088245, 0.18141071936817862, 0.8352967116895914]], "fy": 2842.929442095916, "fx": 2842.9294420959163}, {"id": 35, "img_name": "022", "width": 2736, "height": 3648, "position": [2.880125819236207, 1.6384677608385747, -1.749446762212345], "rotation": [[0.7391860284669046, 0.5216002174486932, -0.4260718583488006], [-0.5077827086891565, 0.8472045342677058, 0.15620882776764797], [0.4424485688479822, 0.10088453931953817, 0.8911013262534497]], "fy": 2842.929442095916, "fx": 2842.9294420959163}, {"id": 36, "img_name": "023", "width": 2736, "height": 3648, "position": [2.24734636102765, 1.8773059674503891, -1.8686025008410443], "rotation": [[0.8666492658058541, 0.3787729143268812, -0.32473085694232223], [-0.3698537450231211, 0.9245851313578425, 0.09138130095579265], [0.33485408369996905, 0.04090738618296376, 0.9413816061434024]], "fy": 2842.929442095916, "fx": 2842.9294420959163}, {"id": 37, "img_name": "024", "width": 2736, "height": 3648, "position": [1.4075538030167878, 2.1912518974683293, -2.0615509848096214], "rotation": [[0.9431931692418413, 0.25619029925083053, -0.21154946481922676], [-0.2525009986119178, 0.9665613573983034, 0.044748051179165464], [0.21593955449503835, 0.01121039491359837, 0.9763423763467228]], "fy": 2842.929442095916, "fx": 2842.9294420959163}, {"id": 38, "img_name": "026", "width": 2736, "height": 3648, "position": [-0.5300630302438522, 2.4696266516268524, -2.2714428271081624], "rotation": [[0.9797528804584615, -0.12204577113381312, 0.15871081557883973], [0.12602355650630864, 0.9919106942618747, -0.015206505661299883], [-0.15557106555799122, 0.0348999191586287, 0.9872080019954622]], "fy": 2842.929442095916, "fx": 2842.9294420959163}, {"id": 39, "img_name": "027", "width": 2736, "height": 3648, "position": [-1.2781849090634902, 2.3609074861688404, -2.0947153825187246], "rotation": [[0.9228887207921965, -0.2719642745200722, 0.27260198535468116], [0.2830335015344815, 0.959109088708247, -0.001339016940294406], [-0.26109087698284994, 0.07839125807133424, 0.9621259608878246]], "fy": 2842.929442095916, "fx": 2842.9294420959163}, {"id": 40, "img_name": "028", "width": 2736, "height": 3648, "position": [-2.2269525220118958, 2.1311233879290965, -1.8511920642790483], "rotation": [[0.7961169899795625, -0.4273481829948667, 0.4284521779112188], [0.45083700501940177, 0.8911404818778137, 0.05113351605076082], [-0.4036628954598339, 0.1524538357981305, 0.9021164530033913]], "fy": 2842.929442095916, "fx": 2842.9294420959163}, {"id": 41, "img_name": "029", "width": 2736, "height": 3648, "position": [-2.709223663753246, 1.4883027394017587, -1.3477975599224898], "rotation": [[0.6282430060109068, -0.5332486680938088, 0.5665303022562503], [0.5851391221878486, 0.803754881551523, 0.10765824662946608], [-0.5127601126097986, 0.26386350327067964, 0.81697804043812]], "fy": 2842.929442095916, "fx": 2842.9294420959163}, {"id": 42, "img_name": "030", "width": 2736, "height": 3648, "position": [-3.128394947308349, 1.1547960399622852, -0.9396068569851369], "rotation": [[0.48309461239819773, -0.6244678018482657, 0.6137259648463885], [0.6861358402377881, 0.7054380255797519, 0.1776929959433572], [-0.5439091874688455, 0.33525685156449325, 0.7692630494610044]], "fy": 2842.929442095916, "fx": 2842.9294420959163}, {"id": 43, "img_name": "031", "width": 2736, "height": 3648, "position": [-3.390257829922793, 0.4196225055029172, -0.27267863309579093], "rotation": [[0.21176105967186792, -0.6851717390311879, 0.6969196091656663], [0.750508382404509, 0.5707701115497492, 0.3331045597136935], [-0.6260147135229447, 0.45250543399440446, 0.6350940171803866]], "fy": 2842.929442095916, "fx": 2842.9294420959163}, {"id": 44, "img_name": "032", "width": 2736, "height": 3648, "position": [-3.354241148368017, -0.06297607677019826, 0.22950625583865555], "rotation": [[-0.06076454165129012, -0.6984982938258177, 0.7130272112621862], [0.7819661584107264, 0.41065440847254353, 0.4689263096718252], [-0.6203519949015075, 0.5860572415084445, 0.5212488005715055]], "fy": 2842.929442095916, "fx": 2842.9294420959163}, {"id": 45, "img_name": "034", "width": 2736, "height": 3648, "position": [1.2960000021209688, 2.070910447017598, -2.1112486619027995], "rotation": [[0.9187705873054728, 0.28226745607171505, -0.276017555864041], [-0.28534175139125123, 0.9579610572620468, 0.029844558672471353], [0.2728382172924642, 0.05133903010559881, 0.9606891334726787]], "fy": 2842.929442095916, "fx": 2842.9294420959163}, {"id": 46, "img_name": "035", "width": 2736, "height": 3648, "position": [0.9879296775867151, 2.10582013777384, -2.137404070247589], "rotation": [[0.9509770838602656, 0.21995666204823394, -0.2173974535113614], [-0.22493117057393155, 0.9743727815739913, 0.0019107673861184233], [0.2122464475011689, 0.047082367701316186, 0.9760812958840935]], "fy": 2842.929442095916, "fx": 2842.9294420959163}, {"id": 47, "img_name": "036", "width": 2736, "height": 3648, "position": [0.8969533108920905, 2.215355468540698, -2.2343184262648785], "rotation": [[0.9718248625159502, 0.1606446919881346, -0.1724810700682585], [-0.16362469516851394, 0.9865177711101197, -0.0031058678226952526], [0.169656699622694, 0.031240522082041422, 0.9850079360356323]], "fy": 2842.929442095916, "fx": 2842.9294420959163}, {"id": 48, "img_name": "037", "width": 2736, "height": 3648, "position": [0.6038140367088993, 2.2673522164317483, -2.261304144525385], "rotation": [[0.9964828216529764, 0.05592232281707144, -0.06240737104914219], [-0.05850825816842522, 0.9974688216550306, -0.040407097795082406], [0.059989748095978575, 0.043916325402607405, 0.997232463614434]], "fy": 2842.929442095916, "fx": 2842.9294420959163}, {"id": 49, "img_name": "038", "width": 2736, "height": 3648, "position": [0.2798294235923941, 2.296305859244346, -2.295464192264328], "rotation": [[0.9998508507313502, -0.0035412338239060527, 0.016903726062604867], [0.0043246103041407165, 0.9989073374862129, -0.04653416875718865], [-0.01672046762242262, 0.04660033024785999, 0.9987736656436622]], "fy": 2842.929442095916, "fx": 2842.9294420959163}, {"id": 50, "img_name": "039", "width": 2736, "height": 3648, "position": [-0.24220366520423567, 2.3531976231193075, -2.2833315838184243], "rotation": [[0.9847092946434959, -0.11997100935233024, 0.12631136907535964], [0.12631801967151757, 0.9910368619803341, -0.043470634944037634], [-0.1199640068894614, 0.058761340277045805, 0.9910377096457381]], "fy": 2842.929442095916, "fx": 2842.9294420959163}, {"id": 51, "img_name": "040", "width": 2736, "height": 3648, "position": [-0.673521774796043, 2.2908617688360478, -2.272167208211462], "rotation": [[0.9669944704764328, -0.17466639122638503, 0.18550834440519046], [0.18860611653507206, 0.9802043854905743, -0.06022537231603273], [-0.17131674428835664, 0.09322561043510175, 0.9807953704445389]], "fy": 2842.929442095916, "fx": 2842.9294420959163}, {"id": 52, "img_name": "042", "width": 2736, "height": 3648, "position": [-1.5783591739228977, 2.066962962298175, -1.9220989983717653], "rotation": [[0.8706753004421615, -0.35336135380313977, 0.34214072373566407], [0.3736446792071999, 0.9275446045041874, 0.007117608820325907], [-0.3198658701707645, 0.1216419347658644, 0.9396217668861854]], "fy": 2842.929442095916, "fx": 2842.9294420959163}, {"id": 53, "img_name": "043", "width": 2736, "height": 3648, "position": [-2.0843769609430836, 1.9858599586949572, -1.847725563649292], "rotation": [[0.7938635080001453, -0.4176432673951673, 0.4419896286850991], [0.4555175169262755, 0.889935979064561, 0.022754009310921957], [-0.40284553173520893, 0.18327044051316646, 0.8967315223605595]], "fy": 2842.929442095916, "fx": 2842.9294420959163}, {"id": 54, "img_name": "044", "width": 2736, "height": 3648, "position": [-2.203453306297156, 1.7404649983169096, -1.6280070214560862], "rotation": [[0.7121110930781249, -0.483031812203297, 0.5094880366747359], [0.528986739298542, 0.8462898663296539, 0.06298009045748446], [-0.4615959496804264, 0.22466359417434606, 0.8581698250878378]], "fy": 2842.929442095916, "fx": 2842.9294420959163}, {"id": 55, "img_name": "045", "width": 2736, "height": 3648, "position": [-3.73212045671174, 0.33117439605257615, -0.3608369289183273], "rotation": [[0.18171996546077654, -0.659195078571871, 0.7296846596575529], [0.7815394850665631, 0.5471664040894098, 0.2996747562237371], [-0.5968030558189406, 0.5158204868192902, 0.6146180423178976]], "fy": 2842.929442095916, "fx": 2842.9294420959163}, {"id": 56, "img_name": "046", "width": 2736, "height": 3648, "position": [-3.628871367194625, -0.6121335144688692, 0.452573142529079], "rotation": [[-0.09290547201295163, -0.6589300202978735, 0.7464447746620605], [0.7912941021511385, 0.40616778618040084, 0.4570354180696895], [-0.604336178935925, 0.6331184390140255, 0.48367222890049155]], "fy": 2842.929442095916, "fx": 2842.9294420959163}, {"id": 57, "img_name": "047", "width": 2736, "height": 3648, "position": [-3.6036056428361225, 0.5472967719635206, 0.7292761247768411], "rotation": [[0.03169669517747386, -0.5391156529517023, 0.8416350944781748], [0.8001883240500655, 0.5182586708161094, 0.3018386923140684], [-0.5989106490694363, 0.6638992866891629, 0.44782113791652045]], "fy": 2842.929442095916, "fx": 2842.9294420959163}, {"id": 58, "img_name": "048", "width": 2736, "height": 3648, "position": [-3.537894176877968, -0.10730078534345219, 1.3682622774281896], "rotation": [[-0.1727473958452452, -0.5010110581387857, 0.8480249152302901], [0.7806647414743199, 0.4553472126909632, 0.4280437796690941], [-0.6006004484243409, 0.7359665994576283, 0.3124616229799357]], "fy": 2842.929442095916, "fx": 2842.9294420959163}, {"id": 59, "img_name": "050", "width": 2736, "height": 3648, "position": [-2.721368034949466, -1.4260809472816232, 2.1702932474433476], "rotation": [[-0.6126706601055419, -0.3993175816629217, 0.6820411506798656], [0.6512908703529648, 0.23377875424900946, 0.7219194527484755], [-0.4477218605794412, 0.8865060423012677, 0.11684251162409362]], "fy": 2842.929442095916, "fx": 2842.9294420959163}, {"id": 60, "img_name": "051", "width": 2736, "height": 3648, "position": [-2.4359631953511323, -1.9506766120878474, 2.748817714652081], "rotation": [[-0.7442397715858702, -0.29069807415573784, 0.6013333452187373], [0.5673785886799891, 0.19986352447982877, 0.7988342185272265], [-0.352404170658231, 0.9357078610681038, 0.01618947923925866]], "fy": 2842.929442095916, "fx": 2842.9294420959163}, {"id": 61, "img_name": "052", "width": 2736, "height": 3648, "position": [-1.7057922520958548, -2.397444955569144, 2.9785037460118327], "rotation": [[-0.8834471753290164, -0.17810529093683114, 0.4333585048703774], [0.4146936224069781, 0.13323385509128366, 0.9001543975299422], [-0.2180602851006136, 0.974949868043389, -0.04384594467014684]], "fy": 2842.929442095916, "fx": 2842.9294420959163}, {"id": 62, "img_name": "053", "width": 2736, "height": 3648, "position": [-1.0813235322547292, -2.712864358966957, 3.2271508924435524], "rotation": [[-0.9484358293903205, -0.08559200637696826, 0.30519417748879046], [0.2959834882265614, 0.10537015742151952, 0.9493634207310713], [-0.11341627848739924, 0.990742720573474, -0.07460301203530194]], "fy": 2842.929442095916, "fx": 2842.9294420959163}, {"id": 63, "img_name": "054", "width": 2736, "height": 3648, "position": [-0.647374736886125, -2.717151467489863, 3.32652535554885], "rotation": [[-0.9838388832107151, 0.025808984298189952, 0.17718619644934924], [0.17881700064608191, 0.09050914832791092, 0.9797104543429629], [0.009248359996817617, 0.9955611434756036, -0.09366150457320853]], "fy": 2842.929442095916, "fx": 2842.9294420959163}, {"id": 64, "img_name": "055", "width": 2736, "height": 3648, "position": [-0.3185881759363162, -3.00150252606229, 3.3544745152311854], "rotation": [[-0.9881043770286358, 0.06618880959940343, 0.138812036872399], [0.1430689707414217, 0.06460360386264928, 0.987601966370535], [0.05640044067062389, 0.9957135209746683, -0.07330466861249399]], "fy": 2842.929442095916, "fx": 2842.9294420959163}, {"id": 65, "img_name": "056", "width": 2736, "height": 3648, "position": [0.06387753828191228, -3.0836613739358154, 3.3981774939432245], "rotation": [[-0.99055279057593, 0.11818074319078488, 0.06955919077383525], [0.07704903905784519, 0.06003138407916466, 0.9952184074391923], [0.11343991653073313, 0.9911758395281908, -0.06856996771974373]], "fy": 2842.929442095916, "fx": 2842.9294420959163}, {"id": 66, "img_name": "058", "width": 2736, "height": 3648, "position": [0.7468663777705824, -3.0109597251703293, 3.3637662632199685], "rotation": [[-0.9763638887612632, 0.20531303411639523, -0.06752862167187455], [-0.05571598151399725, 0.06278804855008885, 0.9964704663778067], [0.20882836523546114, 0.9766802030251208, -0.04986476603668368]], "fy": 2842.929442095916, "fx": 2842.9294420959163}, {"id": 67, "img_name": "059", "width": 2736, "height": 3648, "position": [1.089345918431721, -2.800774003393362, 3.233639274080831], "rotation": [[-0.9609706272313299, 0.24582989270097058, -0.12689805929663944], [-0.11787164566367035, 0.05115303004841388, 0.991710463121875], [0.25028329697996676, 0.9679623088589221, -0.020180185364420317]], "fy": 2842.929442095916, "fx": 2842.9294420959163}, {"id": 68, "img_name": "060", "width": 2736, "height": 3648, "position": [1.2601016311841868, -2.775832500254373, 3.0534732449590667], "rotation": [[-0.9424547183371931, 0.29664481428961903, -0.15421075850613927], [-0.14528379634604977, 0.052048502225697395, 0.9880200260801097], [0.30111745615829194, 0.9535684598240121, -0.0059556717186273625]], "fy": 2842.929442095916, "fx": 2842.9294420959163}, {"id": 69, "img_name": "061", "width": 2736, "height": 3648, "position": [1.5453333704089565, -2.966732311051567, 3.0554997885272708], "rotation": [[-0.9269326007176096, 0.31947515934390114, -0.19680339501410654], [-0.17983466605704587, 0.08208784320293484, 0.9802658205213735], [0.32932574544216886, 0.9440324192317124, -0.018637189393264003]], "fy": 2842.929442095916, "fx": 2842.9294420959163}, {"id": 70, "img_name": "062", "width": 2736, "height": 3648, "position": [1.7802647221372923, -2.7056258059256284, 2.7959627121244828], "rotation": [[-0.8946040760193888, 0.3599163409103835, -0.2648467004045467], [-0.2537327372897057, 0.07873753339410954, 0.9640643644811712], [0.3678358943835801, 0.9296561882656901, 0.020883640064403478]], "fy": 2842.929442095916, "fx": 2842.9294420959163}, {"id": 71, "img_name": "063", "width": 2736, "height": 3648, "position": [2.010340849301295, -2.7903204461658175, 2.6879023356692797], "rotation": [[-0.865310995610221, 0.3948892903174375, -0.30870589445075175], [-0.2908181869757474, 0.10608949028964816, 0.9508784371170806], [0.4082421622030083, 0.912582855658966, 0.02304058499994051]], "fy": 2842.929442095916, "fx": 2842.9294420959163}, {"id": 72, "img_name": "064", "width": 2736, "height": 3648, "position": [2.4113291820520977, -2.5454877421922957, 2.5560278737080973], "rotation": [[-0.8045319757535965, 0.44866523653400964, -0.3891372579385009], [-0.3739821007801945, 0.12628147052047628, 0.9187983339662836], [0.46137369700281633, 0.8847330081606919, 0.06619528672712367]], "fy": 2842.929442095916, "fx": 2842.9294420959163}, {"id": 73, "img_name": "066", "width": 2736, "height": 3648, "position": [3.0574740315533697, -2.346278626050368, 2.4303930382899943], "rotation": [[-0.7165567039139852, 0.5156755549421534, -0.46970758149196024], [-0.45048133969723075, 0.17200129990462312, 0.8760605660659014], [0.5325533331606447, 0.8393415722256474, 0.10905353031087704]], "fy": 2842.929442095916, "fx": 2842.9294420959163}, {"id": 74, "img_name": "067", "width": 2736, "height": 3648, "position": [3.2860208658326844, -2.1383766389585537, 2.264486425526268], "rotation": [[-0.6334592732769821, 0.5474459326042972, -0.5468384587557901], [-0.5116785584864986, 0.23377242550874924, 0.8267620612104395], [0.5804432805060074, 0.8035256087684867, 0.13203103486929435]], "fy": 2842.929442095916, "fx": 2842.9294420959163}, {"id": 75, "img_name": "068", "width": 2736, "height": 3648, "position": [3.152507280352841, -1.6199696663492964, 1.8998901227703915], "rotation": [[-0.5592299907901372, 0.5914766672716658, -0.5808762083904505], [-0.5466464296255964, 0.2636775996025784, 0.7947652511562203], [0.6232491463118508, 0.7619904694555081, 0.17587218677358754]], "fy": 2842.929442095916, "fx": 2842.9294420959163}, {"id": 76, "img_name": "069", "width": 2736, "height": 3648, "position": [3.426617452940429, -1.8774078053792964, 1.5661225670231544], "rotation": [[-0.4697163972556559, 0.640262335909842, -0.6078080678671841], [-0.5878492267662034, 0.2868133977926093, 0.7564200958706976], [0.6586347946620673, 0.7126024249621461, 0.2416567631963262]], "fy": 2842.929442095916, "fx": 2842.9294420959163}, {"id": 77, "img_name": "070", "width": 2736, "height": 3648, "position": [3.6959526438668475, -1.1016801166222312, 1.4325703497718376], "rotation": [[-0.3347704874319783, 0.6644017298911182, -0.6682058530589549], [-0.6343679208527031, 0.3654536656500653, 0.681190839086925], [0.6967826502845594, 0.6519309469419441, 0.2991320422184922]], "fy": 2842.929442095916, "fx": 2842.9294420959163}, {"id": 78, "img_name": "071", "width": 2736, "height": 3648, "position": [3.604981326664644, -0.6878084585122407, 1.1182450251671179], "rotation": [[-0.2127107820893111, 0.6915343612507734, -0.6903146749073485], [-0.6829171531719896, 0.4000663879109994, 0.6112045869979307], [0.6988406721752958, 0.6014375382974783, 0.38716224304579394]], "fy": 2842.929442095916, "fx": 2842.9294420959163}, {"id": 79, "img_name": "072", "width": 2736, "height": 3648, "position": [3.762927094689917, -0.5613762863512688, 0.9544562525333008], "rotation": [[-0.1457628821914339, 0.6898897586555163, -0.7090876554259562], [-0.685386568199555, 0.4464554571534931, 0.575258878166606], [0.7134412619878968, 0.5698505467928403, 0.40776453991613626]], "fy": 2842.929442095916, "fx": 2842.9294420959163}, {"id": 80, "img_name": "074", "width": 2736, "height": 3648, "position": [4.005648191226539, -0.09256570452166508, 0.22252548297098987], "rotation": [[0.12270626471890972, 0.6606814533895071, -0.7405695036563825], [-0.701466813173123, 0.5856089792004605, 0.4062098392414163], [0.7020594580343429, 0.46964043759766155, 0.5353040040552671]], "fy": 2842.929442095916, "fx": 2842.9294420959163}, {"id": 81, "img_name": "075", "width": 2736, "height": 3648, "position": [3.7485869998507866, 0.4895827021435664, 0.062155653287178404], "rotation": [[0.16971472241458374, 0.6779922062589187, -0.7152086976875384], [-0.704513176834583, 0.5909357072033293, 0.39300912663517695], [0.689099482413232, 0.43717451687428555, 0.5779449326134375]], "fy": 2842.929442095916, "fx": 2842.9294420959163}, {"id": 82, "img_name": "076", "width": 2736, "height": 3648, "position": [3.646212245189112, 0.9012914154851285, -0.2210219822637588], "rotation": [[0.29300009308154595, 0.6204427211525225, -0.7274625593273227], [-0.6770164330473689, 0.6718868726321546, 0.3003610823132716], [0.6751293911821814, 0.40449828201543164, 0.6169128342063744]], "fy": 2842.929442095916, "fx": 2842.9294420959163}, {"id": 83, "img_name": "077", "width": 2736, "height": 3648, "position": [3.687519880079097, 1.1886040017590749, -0.3413517282705648], "rotation": [[0.4203269713035917, 0.524111587434283, -0.7406971588387965], [-0.6421882489170901, 0.7485280753133885, 0.16522703598514293], [0.6410300228129341, 0.4062176317994458, 0.651204841403762]], "fy": 2842.929442095916, "fx": 2842.9294420959163}, {"id": 84, "img_name": "078", "width": 2736, "height": 3648, "position": [2.684284997355907, 1.6865399427021313, -0.6254067471730187], "rotation": [[0.6803353695691536, 0.4391955607407426, -0.5867291064356939], [-0.5169940843156052, 0.8550277067679005, 0.04055536267738205], [0.5194813776218277, 0.27574422946790716, 0.8087670976364444]], "fy": 2842.929442095916, "fx": 2842.9294420959163}, {"id": 85, "img_name": "079", "width": 2736, "height": 3648, "position": [2.2955636073504753, 2.1302858956600303, -1.2106585052911556], "rotation": [[0.7784255420382217, 0.40592692791190316, -0.47882878432536313], [-0.4771900826697769, 0.8782450317685027, -0.031229620163444514], [0.40785205712869943, 0.25280228118026593, 0.8773526691849417]], "fy": 2842.929442095916, "fx": 2842.9294420959163}, {"id": 86, "img_name": "080", "width": 2736, "height": 3648, "position": [1.792743764565916, 2.2909172808267844, -1.40146726309598], "rotation": [[0.8785859684030344, 0.29197493101470107, -0.37793826980641027], [-0.3524445430878002, 0.9304173710214819, -0.10053039216627853], [0.32228797708405776, 0.2215268727726607, 0.9203566180924823]], "fy": 2842.929442095916, "fx": 2842.9294420959163}, {"id": 87, "img_name": "082", "width": 2736, "height": 3648, "position": [0.18267376702347687, 2.7509494606610794, -1.8235153189840414], "rotation": [[0.999139696378775, -0.02226682261086653, 0.03498650784153163], [0.028800769645439567, 0.9795653342580262, -0.19905343902528236], [-0.029839282631452087, 0.1998898309839139, 0.9793639122824888]], "fy": 2842.929442095916, "fx": 2842.9294420959163}, {"id": 88, "img_name": "083", "width": 2736, "height": 3648, "position": [-0.20824918793546446, 2.501842034171869, -1.5294840882444831], "rotation": [[0.9870955658365311, -0.09398882457782474, 0.12964738624568273], [0.11635145328483505, 0.9772347258227776, -0.1774109071184394], [-0.11002128532409174, 0.1902061815519137, 0.9755598009733053]], "fy": 2842.929442095916, "fx": 2842.9294420959163}, {"id": 89, "img_name": "084", "width": 2736, "height": 3648, "position": [-1.0549222440684094, 2.642957053096632, -1.538357037197467], "rotation": [[0.9340326353218851, -0.21238686936901227, 0.28718435520286384], [0.267009408090424, 0.9492147154219561, -0.16642535869757472], [-0.23725305508013148, 0.23212764106423248, 0.9433068144082808]], "fy": 2842.929442095916, "fx": 2842.9294420959163}, {"id": 90, "img_name": "085", "width": 2736, "height": 3648, "position": [-1.7911229898015297, 2.3873634699462043, -1.3354910403541833], "rotation": [[0.8256168061250121, -0.33868635160609206, 0.4512742455311276], [0.43111727531834315, 0.8946384118278796, -0.11730305624397434], [-0.3639983301692768, 0.2913994977995735, 0.8846420453020163]], "fy": 2842.929442095916, "fx": 2842.9294420959163}, {"id": 91, "img_name": "086", "width": 2736, "height": 3648, "position": [-2.6168039004811754, 2.2820627510587568, -0.8073049550309641], "rotation": [[0.6930542143713603, -0.39283552671408384, 0.6044469413384146], [0.5498677208480095, 0.8302953553969421, -0.09085764896628856], [-0.4661773755894982, 0.3953351385312645, 0.7914472709732178]], "fy": 2842.929442095916, "fx": 2842.9294420959163}, {"id": 92, "img_name": "087", "width": 2736, "height": 3648, "position": [-1.5238356134297752, 2.7680043035454656, -1.2748271846103179], "rotation": [[0.8881898400712304, -0.26782817646743273, 0.37334551809868], [0.3497849926060671, 0.9210115056043595, -0.17143006005938502], [-0.2979417173572973, 0.2828530969152017, 0.9117153385918566]], "fy": 2842.929442095916, "fx": 2842.9294420959163}, {"id": 93, "img_name": "088", "width": 2736, "height": 3648, "position": [-0.8518625232446484, 2.9324828059678745, -1.5666462571394497], "rotation": [[0.9601073549474627, -0.1659821615883477, 0.22504174948272754], [0.21092938804946654, 0.9582293438989666, -0.19314584579543373], [-0.1835828429697738, 0.23290866562971743, 0.9550135565748373]], "fy": 2842.929442095916, "fx": 2842.9294420959163}, {"id": 94, "img_name": "090", "width": 2736, "height": 3648, "position": [0.28075112948545566, 3.0088183605351886, -1.4628190566549502], "rotation": [[0.9988981254459154, 0.012267701776462005, -0.045299431274134425], [-0.023549741684213553, 0.965936102725661, -0.2577069170933679], [0.040594884495993466, 0.25848974630395877, 0.9651606635210908]], "fy": 2842.929442095916, "fx": 2842.9294420959163}, {"id": 95, "img_name": "091", "width": 2736, "height": 3648, "position": [0.791307321455995, 3.061475148988285, -1.6583291819068744], "rotation": [[0.9835372971300825, 0.10941379773802623, -0.14381587540530572], [-0.13854600735422418, 0.967527986250556, -0.2114109733863102], [0.11601460684006733, 0.227855692679569, 0.9667587053206497]], "fy": 2842.929442095916, "fx": 2842.9294420959163}, {"id": 96, "img_name": "092", "width": 2736, "height": 3648, "position": [0.6682414300011595, 3.390276427114327, -1.676204822372556], "rotation": [[0.9899228946735026, 0.09856888427372501, -0.10167023976693648], [-0.12361160285549982, 0.9517656586953307, -0.2808243268802355], [0.06908570214398584, 0.2905620518603146, 0.9543588736832683]], "fy": 2842.929442095916, "fx": 2842.9294420959163}, {"id": 97, "img_name": "093", "width": 2736, "height": 3648, "position": [1.2172491243148336, 3.099759577089413, -1.5923084024984344], "rotation": [[0.967184426453298, 0.15401085595609032, -0.20207657329308953], [-0.2004300136922211, 0.9512803006741672, -0.23429383082062155], [0.15614766997154028, 0.26710755473579995, 0.9509318899718953]], "fy": 2842.929442095916, "fx": 2842.9294420959163}, {"id": 98, "img_name": "094", "width": 2736, "height": 3648, "position": [1.5709236611836763, 2.6258893082615313, -1.2060825006727034], "rotation": [[0.9254207033985801, 0.22277870285651005, -0.3065390208029773], [-0.2871010906258042, 0.9401660456149825, -0.18346871786263846], [0.24732465603483839, 0.2577934371279794, 0.9340091318027846]], "fy": 2842.929442095916, "fx": 2842.9294420959163}, {"id": 99, "img_name": "095", "width": 2736, "height": 3648, "position": [1.3099662443614228, 2.2983200052515516, -1.7935089069013368], "rotation": [[0.9111264547549043, 0.282006213826804, -0.30053465492157533], [-0.3232006236903167, 0.9413992632575169, -0.0964820396985622], [0.2557145680088441, 0.18504032668928017, 0.9488783574340678]], "fy": 2842.929442095916, "fx": 2842.9294420959163}, {"id": 100, "img_name": "096", "width": 2736, "height": 3648, "position": [-2.067451362158656, 2.736646896593296, -2.6459284898876128], "rotation": [[0.8927914007120256, -0.26435045004761104, 0.36474971470075873], [0.318574111487711, 0.9429893035853468, -0.09634162554907592], [-0.31848712737640567, 0.20221279109702325, 0.9261079509497134]], "fy": 2842.929442095916, "fx": 2842.9294420959163}, {"id": 101, "img_name": "098", "width": 2736, "height": 3648, "position": [-3.4983803179971567, 1.5919801109314373, -0.03041505172202455], "rotation": [[0.385420641154891, -0.4343473938305344, 0.8141211647195861], [0.7123441444764844, 0.7008707034493273, 0.03668892035083971],