[{"id": 0, "img_name": "200", "width": 2736, "height": 3648, "position": [0.19101045258765567, 3.534468883833587, -2.4516556841474615], "rotation": [[0.9988927483945569, -0.046804643646642954, 0.004754212645536866], [0.04676855411528952, 0.9769808584763169, -0.2081372252069387], [0.0050970139035962665, 0.20812911258156422, 0.978088080361517]], "fy": 2834.4396458132587, "fx": 2834.4396458132587}, {"id": 1, "img_name": "208", "width": 2736, "height": 3648, "position": [-3.632978614207835, -0.9021565180100662, 2.237095273422081], "rotation": [[-0.5590873952368943, -0.4159840557867304, 0.7172018891626311], [0.600457341393528, 0.393346520228093, 0.6962251763553703], [-0.5717274400042738, 0.8198998599558807, 0.029865598779976382]], "fy": 2834.4396458132587, "fx": 2834.4396458132587}, {"id": 2, "img_name": "216", "width": 2736, "height": 3648, "position": [2.7893133837359443, -1.2933458076290285, 2.553841615710254], "rotation": [[-0.7116960242260196, 0.40343549013403435, -0.575090057644181], [-0.44343727552199946, 0.3769318587134304, 0.8131947839014123], [0.5448414005731413, 0.833763862965498, -0.08936257065655337]], "fy": 2834.4396458132587, "fx": 2834.4396458132587}, {"id": 3, "img_name": "224", "width": 2736, "height": 3648, "position": [1.933918732077847, 2.7784629305112087, -1.66411627033396], "rotation": [[0.8753567140121568, 0.23207735569630317, -0.424135266403126], [-0.3074158688314563, 0.9442571600976669, -0.11778751714375305], [0.37315694663832794, 0.23349200538198436, 0.897906106783031]], "fy": 2834.4396458132587, "fx": 2834.4396458132587}, {"id": 4, "img_name": "232", "width": 2736, "height": 3648, "position": [-3.2380953582508583, -0.5219970116648694, 0.8531743494139086], "rotation": [[-0.31879234498100595, -0.555365117763955, 0.7680761855132208], [0.6578700547474661, 0.4537214914615592, 0.6011187896351803], [-0.6823330798430317, 0.6969263907737506, 0.22071514219689617]], "fy": 2834.4396458132587, "fx": 2834.4396458132587}, {"id": 5, "img_name": "240", "width": 2736, "height": 3648, "position": [2.495227919483027, -1.4814105945876712, 1.721096224085632], "rotation": [[-0.6303671705401296, 0.4643880030106571, -0.6220779798104132], [-0.5159277432941098, 0.3481448780025861, 0.7826964338873733], [0.5800480962857116, 0.8143334246979786, 0.020131552721617874]], "fy": 2834.4396458132587, "fx": 2834.4396458132587}, {"id": 6, "img_name": "248", "width": 2736, "height": 3648, "position": [-0.2006340333264268, 2.4780838910436342, -2.410717598406338], "rotation": [[0.9957458577949119, -0.04445697372289651, 0.08070789411003525], [0.05553568049300385, 0.9884965182993497, -0.1406784329676825], [-0.07352533492921991, 0.14456213472920718, 0.9867602618296303]], "fy": 2834.4396458132587, "fx": 2834.4396458132587}, {"id": 7, "img_name": "256", "width": 2736, "height": 3648, "position": [-2.5686401085237285, -2.2770464877146157, 1.420520433674472], "rotation": [[-0.751607727544295, -0.4233266628475499, 0.5058461825674452], [0.46364507532859517, 0.20641109563709892, 0.8616424454037956], [-0.4691684857481815, 0.882150211766822, 0.041133147952827326]], "fy": 2834.4396458132587, "fx": 2834.4396458132587}, {"id": 8, "img_name": "264", "width": 2736, "height": 3648, "position": [3.7017947320590014, -0.4278771098083395, -0.6238913791754678], "rotation": [[0.09368233875300627, 0.6659814496406837, -0.7400623812492163], [-0.6819611369474771, 0.5844922119754781, 0.43965652711328734], [0.7253637894870899, 0.4635057312207757, 0.5089300639836702]], "fy": 2834.4396458132587, "fx": 2834.4396458132587}, {"id": 9, "img_name": "272", "width": 2736, "height": 3648, "position": [-3.679243680405786, 0.2598567505309798, -1.0877674035943672], "rotation": [[0.195376634296161, -0.6679205670601297, 0.7181295752642265], [0.6832793599615042, 0.6179820439175125, 0.38887981388358334], [-0.7035320085267626, 0.41470508737367584, 0.5771155893620367]], "fy": 2834.4396458132587, "fx": 2834.4396458132587}, {"id": 10, "img_name": "280", "width": 2736, "height": 3648, "position": [1.4915882526692146, -2.633382394484274, 1.927906521116328], "rotation": [[-0.9281503433258205, 0.2750229092765081, -0.2507974073973777], [-0.23795577337796875, 0.07967955855092371, 0.96800217864694], [0.2862062020646188, 0.9581302454897325, -0.00851132055153883]], "fy": 2834.4396458132587, "fx": 2834.4396458132587}, {"id": 11, "img_name": "288", "width": 2736, "height": 3648, "position": [2.051979583526779, 1.6939469646962078, -2.5827712086465886], "rotation": [[0.8626310158147921, 0.3638499431891249, -0.35139856202837605], [-0.3521822944961195, 0.9306708316648865, 0.09909305995697548], [0.36309139620457603, 0.038275604886908586, 0.9309670327529074]], "fy": 2834.4396458132587, "fx": 2834.4396458132587}, {"id": 12, "img_name": "296", "width": 2736, "height": 3648, "position": [-3.624056378270246, -1.080053933551602, -0.6967793281969827], "rotation": [[-0.10833449409833912, -0.6817661586280035, 0.7235043485274105], [0.695483275208586, 0.4680514632118682, 0.5451888128807921], [-0.7103285516531028, 0.5622479281730124, 0.4234508424499353]], "fy": 2834.4396458132587, "fx": 2834.4396458132587}, {"id": 13, "img_name": "304", "width": 2736, "height": 3648, "position": [3.430827546612576, -2.312534207143191, 0.5048144092748386], "rotation": [[-0.49542774697478326, 0.6174762227518077, -0.6109619152317511], [-0.5923686388982194, 0.27427054567489945, 0.7575454200409791], [0.6353351424070296, 0.7372236988264502, 0.22989231111824251]], "fy": 2834.4396458132587, "fx": 2834.4396458132587}, {"id": 14, "img_name": "312", "width": 2736, "height": 3648, "position": [-0.6445377777348715, 3.4674448577672905, -1.2437581637213218], "rotation": [[0.9725931929599789, -0.15109789556109213, 0.17672551305604492], [0.17693264288864397, 0.9740846375074314, -0.14090407677727218], [-0.15085529784648802, 0.16831085802474277, 0.9741222378031528]], "fy": 2834.4396458132587, "fx": 2834.4396458132587}, {"id": 15, "img_name": "320", "width": 2736, "height": 3648, "position": [0.9041180349054385, -0.7080274584196049, 3.1121249445307], "rotation": [[-0.9518409123296877, 0.23706574276359726, -0.19441890654802924], [-0.15953448786609073, 0.15854663396314903, 0.9743776023905], [0.261816013254903, 0.9584689867006124, -0.11309101085589969]], "fy": 2834.4396458132587, "fx": 2834.4396458132587}, {"id": 16, "img_name": "201", "width": 2736, "height": 3648, "position": [-0.9435222806206879, 3.5851882924515883, -2.5184873031938277], "rotation": [[0.9571633430261076, -0.17138946680310993, 0.23337520313013452], [0.21644162525558078, 0.9588946139586124, -0.18350515572562726], [-0.19233137451754617, 0.22615651657670546, 0.9549145890529066]], "fy": 2834.4396458132587, "fx": 2834.4396458132587}, {"id": 17, "img_name": "202", "width": 2736, "height": 3648, "position": [-2.6121427492588576, 3.091052957966619, -2.100948497944768], "rotation": [[0.7788260967973031, -0.3232499039288416, 0.5375308461451049], [0.4481530126807719, 0.8863587723749876, -0.11630564844001637], [-0.4388493912182467, 0.33147794231879063, 0.8351847613453413]], "fy": 2834.4396458132587, "fx": 2834.4396458132587}, {"id": 18, "img_name": "203", "width": 2736, "height": 3648, "position": [-3.3075994340681687, 2.443501315658954, -1.2886141830234206], "rotation": [[0.532476890675998, -0.4509844181445839, 0.7162970162487153], [0.5972469519899013, 0.799839550905348, 0.05960512684580157], [-0.5998036672402012, 0.3960678570628052, 0.6952451462375581]], "fy": 2834.4396458132587, "fx": 2834.4396458132587}, {"id": 19, "img_name": "204", "width": 2736, "height": 3648, "position": [-3.8283573054334354, 1.6909426912922394, -0.5268942703929949], "rotation": [[0.3097153674432026, -0.49908386880984484, 0.8093155645749806], [0.6781804707603296, 0.7125421697906213, 0.17987469346567594], [-0.6664440263434126, 0.4931520537966672, 0.5591541930338265]], "fy": 2834.4396458132587, "fx": 2834.4396458132587}, {"id": 20, "img_name": "205", "width": 2736, "height": 3648, "position": [-4.141752606220995, 1.0264016657965622, 0.188988573083416], "rotation": [[0.0700265294096958, -0.5221871406019829, 0.8499511017515992], [0.7066193090665587, 0.6273832729405493, 0.3272298594088002], [-0.7041203286606145, 0.5776770888864547, 0.4129209897093379]], "fy": 2834.4396458132587, "fx": 2834.4396458132587}, {"id": 21, "img_name": "206", "width": 2736, "height": 3648, "position": [-4.067770873719784, 0.4187589483931679, 0.8928624954707965], "rotation": [[-0.132606574428669, -0.523069475716175, 0.8419108147495786], [0.7055603871014472, 0.5467562651455309, 0.4508238310885593], [-0.6961321976259608, 0.6538011242710704, 0.29655362639889365]], "fy": 2834.4396458132587, "fx": 2834.4396458132587}, {"id": 22, "img_name": "207", "width": 2736, "height": 3648, "position": [-4.0277707789745705, -0.18072823316116093, 1.5098508547296285], "rotation": [[-0.3514089045897987, -0.4732359179810867, 0.807811579334931], [0.6807298026322646, 0.4632116106234273, 0.5674873915708508], [-0.642743119436712, 0.7493215396051607, 0.159369108363309]], "fy": 2834.4396458132587, "fx": 2834.4396458132587}, {"id": 23, "img_name": "209", "width": 2736, "height": 3648, "position": [-2.7730001498702666, -1.3882343973146878, 2.762708319692418], "rotation": [[-0.7475119437174845, -0.3247044452023496, 0.5794764164877999], [0.486411065165304, 0.3265230463248201, 0.8104239482539455], [-0.4523606632814816, 0.887665321776509, -0.08614004197203635]], "fy": 2834.4396458132587, "fx": 2834.4396458132587}, {"id": 24, "img_name": "210", "width": 2736, "height": 3648, "position": [-1.8926711769324118, -1.6191943586435877, 3.016943200913012], "rotation": [[-0.8775530249833893, -0.2186712522016898, 0.4267125165764968], [0.3643915157582128, 0.27427307309852145, 0.8899399443875552], [-0.31164003527456835, 0.9364599109591599, -0.1610072159265772]], "fy": 2834.4396458132587, "fx": 2834.4396458132587}, {"id": 25, "img_name": "211", "width": 2736, "height": 3648, "position": [-0.9422918071689239, -1.9331061886248913, 3.28559219184336], "rotation": [[-0.961519268774599, -0.11149588190170444, 0.25109632433415013], [0.2166537090423582, 0.25429821426663, 0.9425463323248316], [-0.16894338144286303, 0.9606774102370492, -0.22035663667538327]], "fy": 2834.4396458132587, "fx": 2834.4396458132587}, {"id": 26, "img_name": "212", "width": 2736, "height": 3648, "position": [-0.22117654765554784, -2.0716658133054002, 3.4077296890274344], "rotation": [[-0.9978241395463247, 0.02667923402005237, 0.06029266133403581], [0.06504041337953387, 0.24845663032753587, 0.966456955830784], [0.010804219826383046, 0.96827553997733, -0.24965125178046635]], "fy": 2834.4396458132587, "fx": 2834.4396458132587}, {"id": 27, "img_name": "213", "width": 2736, "height": 3648, "position": [0.6870049143572892, -2.106861140613149, 3.402140219824316], "rotation": [[-0.9865588782777374, 0.10996514560792627, -0.1208687157323998], [-0.08621701119922702, 0.27804907790777855, 0.9566897810965193], [0.13880996603718504, 0.954251736716293, -0.2648309202164537]], "fy": 2834.4396458132587, "fx": 2834.4396458132587}, {"id": 28, "img_name": "214", "width": 2736, "height": 3648, "position": [1.5496996036330049, -1.8862270087294768, 3.1699738667508126], "rotation": [[-0.9393146864815043, 0.20545795243754197, -0.2747270455203224], [-0.20909995862760314, 0.2919763752931336, 0.9332882746357728], [0.27196530488664766, 0.9340967969385483, -0.23129644806407335]], "fy": 2834.4396458132587, "fx": 2834.4396458132587}, {"id": 29, "img_name": "215", "width": 2736, "height": 3648, "position": [2.1600610909927687, -1.6237769681836494, 2.9426005627665837], "rotation": [[-0.8523816944750482, 0.3069976564413839, -0.4233177126737599], [-0.3286887643484598, 0.3150702305124921, 0.8903338958143109], [0.4067052287774631, 0.8980440906683276, -0.1676534166092909]], "fy": 2834.4396458132587, "fx": 2834.4396458132587}, {"id": 30, "img_name": "217", "width": 2736, "height": 3648, "position": [3.3757216588910848, -0.8313162551734418, 2.053139520323191], "rotation": [[-0.530860074672075, 0.4608812682581398, -0.7111793287827816], [-0.553098901888858, 0.44739327217156083, 0.7027950375073541], [0.6420819152168191, 0.7664383318861293, 0.01740969750194257]], "fy": 2834.4396458132587, "fx": 2834.4396458132587}, {"id": 31, "img_name": "218", "width": 2736, "height": 3648, "position": [3.7181048904268468, -0.4225127839812016, 1.6179120213247877], "rotation": [[-0.29866661867365074, 0.5099938842910822, -0.806662561964879], [-0.6215544807227742, 0.5374543355942726, 0.5699235603520544], [0.7242018215825548, 0.6716018724933794, 0.15646931481889922]], "fy": 2834.4396458132587, "fx": 2834.4396458132587}, {"id": 32, "img_name": "219", "width": 2736, "height": 3648, "position": [3.9902134073081887, 0.13511945165496939, 1.0149014771064866], "rotation": [[-0.1016392259183317, 0.5256548969730557, -0.8446042842911516], [-0.6473618778511703, 0.6097052141057414, 0.45736435256508406], [0.7553754476151107, 0.5932507742772177, 0.2783189752060625]], "fy": 2834.4396458132587, "fx": 2834.4396458132587}, {"id": 33, "img_name": "220", "width": 2736, "height": 3648, "position": [4.118644599018953, 0.9764376257352463, 0.14513493839796437], "rotation": [[0.15769056563403774, 0.509909559027949, -0.845651185254263], [-0.6506201953537457, 0.6978607551745525, 0.2994724157331637], [0.7428506222033273, 0.502973764722501, 0.44180351412477853]], "fy": 2834.4396458132587, "fx": 2834.4396458132587}, {"id": 34, "img_name": "221", "width": 2736, "height": 3648, "position": [3.464007263742643, 1.7095483097578128, -0.62340606080495], "rotation": [[0.47901859240280464, 0.4477381360627612, -0.7550309593966861], [-0.572878451993955, 0.8111641934474211, 0.11757095946620723], [0.6650950814533555, 0.3762222917157344, 0.6450622604390334]], "fy": 2834.4396458132587, "fx": 2834.4396458132587}, {"id": 35, "img_name": "222", "width": 2736, "height": 3648, "position": [2.884615421667259, 2.2609868994166065, -1.2393626053584657], "rotation": [[0.7300999056904065, 0.33538129248904375, -0.5953767852034861], [-0.44742654803717025, 0.8931601594071293, -0.04554573261429868], [0.5164916377081061, 0.2996403148713635, 0.8021546421241909]], "fy": 2834.4396458132587, "fx": 2834.4396458132587}, {"id": 36, "img_name": "223", "width": 2736, "height": 3648, "position": [1.8805824676989251, 2.6545672259964403, -1.554965137476614], "rotation": [[0.8858637579803069, 0.23053665566226075, -0.4026142728382448], [-0.2990742569748459, 0.9471913222892974, -0.1156857285701061], [0.3546829444897966, 0.2228933587523699, 0.9080300432871894]], "fy": 2834.4396458132587, "fx": 2834.4396458132587}, {"id": 37, "img_name": "225", "width": 2736, "height": 3648, "position": [0.316585275170193, 3.0740704177233997, -1.8631272505341125], "rotation": [[0.9996597745723574, -0.026002326598102515, 0.0020528305894682974], [0.025987979278187225, 0.9861994910330297, -0.16350898696778038], [0.002227113598350443, 0.1635067059715866, 0.9865397088142682]], "fy": 2834.4396458132587, "fx": 2834.4396458132587}, {"id": 38, "img_name": "226", "width": 2736, "height": 3648, "position": [-0.4459639704207075, 2.435170221465408, -2.344559958092254], "rotation": [[0.9776395526833365, -0.1158669095657612, 0.1754872197534778], [0.14056350098249856, 0.9807515006358211, -0.13553005641601412], [-0.1564059053254347, 0.15716664171593334, 0.9751081168317013]], "fy": 2834.4396458132587, "fx": 2834.4396458132587}, {"id": 39, "img_name": "227", "width": 2736, "height": 3648, "position": [-0.9257855664313922, 2.557227521484839, -2.466997107031209], "rotation": [[0.9542790590821705, -0.17290475893817164, 0.24383482469446396], [0.20375029115945612, 0.9731186615680963, -0.1073586948521321], [-0.21871738899704363, 0.15213157083409445, 0.9638561557130124]], "fy": 2834.4396458132587, "fx": 2834.4396458132587}, {"id": 40, "img_name": "228", "width": 2736, "height": 3648, "position": [-2.1244897472254256, 2.188998819290872, -2.0596887641145334], "rotation": [[0.6908150587692584, -0.43129473589841294, 0.5803097494993035], [0.5180350942569145, 0.855150994730616, 0.018879018233676343], [-0.5043948807193187, 0.28757890568947514, 0.8141769938450656]], "fy": 2834.4396458132587, "fx": 2834.4396458132587}, {"id": 41, "img_name": "229", "width": 2736, "height": 3648, "position": [-2.8369448359796086, 1.5546092003226786, -1.3658951838598432], "rotation": [[0.4567124549614568, -0.5159718402448403, 0.7246977256466534], [0.6210452459072126, 0.7681852979645974, 0.15554468980679662], [-0.6369588181500663, 0.37903088009474317, 0.6712816517047634]], "fy": 2834.4396458132587, "fx": 2834.4396458132587}, {"id": 42, "img_name": "230", "width": 2736, "height": 3648, "position": [-3.2504375819026436, 0.8609403702779748, -0.5902165040440247], "rotation": [[0.232081192053856, -0.5668354074118901, 0.790465648335877], [0.672715903296367, 0.6805000417212957, 0.290470319773756], [-0.7025607687218342, 0.4643461145756596, 0.5392504539928306]], "fy": 2834.4396458132587, "fx": 2834.4396458132587}, {"id": 43, "img_name": "231", "width": 2736, "height": 3648, "position": [-3.2549527268788316, 0.06724924574690776, 0.2270611179185226], "rotation": [[-0.014615414676529532, -0.5788729822683442, 0.8152867348691415], [0.6902219569889196, 0.5841044351748915, 0.4271014620665758], [-0.7234500948539703, 0.5689710706255405, 0.3910139141347879]], "fy": 2834.4396458132587, "fx": 2834.4396458132587}, {"id": 44, "img_name": "233", "width": 2736, "height": 3648, "position": [-2.9597241701390717, -1.0498583135610982, 1.437200914231556], "rotation": [[-0.5575490294221689, -0.4818271215331711, 0.6760042194731153], [0.586688973267699, 0.3474128909982296, 0.7315055241174498], [-0.5873117812852814, 0.8044544164359538, 0.0889829390400145]], "fy": 2834.4396458132587, "fx": 2834.4396458132587}, {"id": 45, "img_name": "234", "width": 2736, "height": 3648, "position": [-2.375234792655913, -1.606382143622415, 1.957819348249673], "rotation": [[-0.753528308106055, -0.3667232767333612, 0.5456272786296273], [0.468763884382424, 0.2821848487533466, 0.837037712312147], [-0.46092896370430847, 0.8865019737349702, -0.04072764395929146]], "fy": 2834.4396458132587, "fx": 2834.4396458132587}, {"id": 46, "img_name": "235", "width": 2736, "height": 3648, "position": [-1.653597225738036, -1.915786764620575, 2.224241689649504], "rotation": [[-0.8888968826920869, -0.24622716501754932, 0.3863088338981013], [0.3331866800089339, 0.23125507991588973, 0.9140611162705258], [-0.31440255756738755, 0.9412190346675505, -0.12352230800373441]], "fy": 2834.4396458132587, "fx": 2834.4396458132587}, {"id": 47, "img_name": "236", "width": 2736, "height": 3648, "position": [-0.595699564826324, -2.221700773339156, 2.530870813225908], "rotation": [[-0.9776270992637575, -0.10937005407481082, 0.17967594735190287], [0.15505935696412612, 0.20247342653466674, 0.9669338691788504], [-0.14213321428505912, 0.9731611905635076, -0.18098465840510766]], "fy": 2834.4396458132587, "fx": 2834.4396458132587}, {"id": 48, "img_name": "237", "width": 2736, "height": 3648, "position": [-0.030732388129977296, -2.186894011860896, 2.5550068179196157], "rotation": [[-0.9996609419278137, 0.01635266084837181, 0.02026306164362596], [0.022809621085790373, 0.1746201500442183, 0.9843716393641464], [0.012558756702712446, 0.9845000729719182, -0.17493394167047488]], "fy": 2834.4396458132587, "fx": 2834.4396458132587}, {"id": 49, "img_name": "238", "width": 2736, "height": 3648, "position": [0.9187841127555666, -2.2469388835252797, 2.565855603461334], "rotation": [[-0.9704594879440189, 0.16020420473231206, -0.18039677116156994], [-0.14676697128236033, 0.20144512043212978, 0.968441696538665], [0.19148848111579772, 0.9663097206590504, -0.1719816425081253]], "fy": 2834.4396458132587, "fx": 2834.4396458132587}, {"id": 50, "img_name": "239", "width": 2736, "height": 3648, "position": [1.8753655229637896, -1.997506636279735, 2.266390173552024], "rotation": [[-0.8609337928066901, 0.30300051060593375, -0.4086363847921889], [-0.34049250917589063, 0.25359416057443895, 0.9054031438633574], [0.37796541587636356, 0.918629790663839, -0.11515837835918978]], "fy": 2834.4396458132587, "fx": 2834.4396458132587}, {"id": 51, "img_name": "241", "width": 2736, "height": 3648, "position": [3.057982957442047, -0.9092253836464834, 1.080358887111837], "rotation": [[-0.35901532400818253, 0.5467590092923188, -0.7564142931522257], [-0.6295015971865263, 0.4565042417600999, 0.6287540189888637], [0.6890832578628738, 0.7018963335227776, 0.1802936513590256]], "fy": 2834.4396458132587, "fx": 2834.4396458132587}, {"id": 52, "img_name": "242", "width": 2736, "height": 3648, "position": [3.307708810665176, -0.25646727527339974, 0.4640698801712174], "rotation": [[-0.0612409600420499, 0.5953967663868783, -0.8010943985506185], [-0.6774447704019193, 0.5646343016433977, 0.47144107634227594], [0.7330198686722064, 0.5715687150148457, 0.36876967899769]], "fy": 2834.4396458132587, "fx": 2834.4396458132587}, {"id": 53, "img_name": "243", "width": 2736, "height": 3648, "position": [3.5186155900211356, 0.37371087936887787, -0.27310949834791115], "rotation": [[0.19471325890211044, 0.5665282795805993, -0.8007074717043461], [-0.6672911040672806, 0.6748180194748878, 0.31518759973174604], [0.7188945188554364, 0.47293376811921173, 0.5094352969044984]], "fy": 2834.4396458132587, "fx": 2834.4396458132587}, {"id": 54, "img_name": "244", "width": 2736, "height": 3648, "position": [3.1133064028087674, 1.2013001451900833, -1.1324603840797396], "rotation": [[0.5371267438384791, 0.48474807171364914, -0.6903000565141014], [-0.5736207004573463, 0.8099225097514992, 0.12241250019771686], [0.6184287776779929, 0.33021937430703774, 0.713092568866043]], "fy": 2834.4396458132587, "fx": 2834.4396458132587}, {"id": 55, "img_name": "245", "width": 2736, "height": 3648, "position": [2.5774003370520173, 1.762243463409618, -1.7454845930585365], "rotation": [[0.7875693965925109, 0.3592367437432553, -0.5006829410871225], [-0.42832852361659546, 0.9032582609816345, -0.02567469230314461], [0.44302270980993275, 0.234677386880748, 0.8652499076448883]], "fy": 2834.4396458132587, "fx": 2834.4396458132587}, {"id": 56, "img_name": "246", "width": 2736, "height": 3648, "position": [1.7532051918534994, 2.243010355779055, -2.2087518992361717], "rotation": [[0.9280609281234132, 0.21826715979480865, -0.3017654066420074], [-0.2576692721396541, 0.9613411158308559, -0.09710718412201014], [0.2689041834663968, 0.1678770561100967, 0.9484238683974998]], "fy": 2834.4396458132587, "fx": 2834.4396458132587}, {"id": 57, "img_name": "247", "width": 2736, "height": 3648, "position": [0.7502983094693465, 2.4468842253396406, -2.3453699585797882], "rotation": [[0.988833196283328, 0.10040145648098027, -0.1101292761466953], [-0.11301966852828646, 0.9869092351534914, -0.11505092826442932], [0.09713631892270522, 0.12621295141643915, 0.9872359527695991]], "fy": 2834.4396458132587, "fx": 2834.4396458132587}, {"id": 58, "img_name": "249", "width": 2736, "height": 3648, "position": [-1.0993404419043462, 2.371797997563866, -2.274124476165754], "rotation": [[0.942274143033891, -0.19484312154578745, 0.27231525362351583], [0.2293850923067508, 0.9680747909868184, -0.10106274527861984], [-0.24393015147203445, 0.15769387128903042, 0.9568859514909334]], "fy": 2834.4396458132587, "fx": 2834.4396458132587}, {"id": 59, "img_name": "250", "width": 2736, "height": 3648, "position": [-1.9906595381474028, 2.031324199566122, -1.8760768103014043], "rotation": [[0.7527422793675899, -0.38265411848613834, 0.5356817025604682], [0.4480538278692703, 0.8939615063532539, 0.008977332026593902], [-0.48231403481982543, 0.23325661997940772, 0.8443722644968878]], "fy": 2834.4396458132587, "fx": 2834.4396458132587}, {"id": 60, "img_name": "251", "width": 2736, "height": 3648, "position": [-2.785257705488815, 1.535155097155355, -1.2668920209528556], "rotation": [[0.5158010717241852, -0.5242082635301801, 0.6776097334416433], [0.6005783568154512, 0.7853016747213601, 0.15035596763906423], [-0.6109458991866906, 0.32940397102418184, 0.7198875829881118]], "fy": 2834.4396458132587, "fx": 2834.4396458132587}, {"id": 61, "img_name": "252", "width": 2736, "height": 3648, "position": [-3.208492297115281, 0.8431577817116103, -0.5022325081390641], "rotation": [[0.23378280467662865, -0.5838289289854238, 0.7774891522826938], [0.6612462702983063, 0.6817141478786175, 0.3130801664090358], [-0.712810613174431, 0.4409190427525934, 0.5454277472626675]], "fy": 2834.4396458132587, "fx": 2834.4396458132587}, {"id": 62, "img_name": "253", "width": 2736, "height": 3648, "position": [-3.5308013347839595, 0.10066503564018642, 0.24246837748214], "rotation": [[-0.07719515222587664, -0.5929471730188643, 0.8015326309525777], [0.6833976722567184, 0.5538952359251069, 0.4755709086703779], [-0.7259535315892625, 0.5844773029198033, 0.362460690757867]], "fy": 2834.4396458132587, "fx": 2834.4396458132587}, {"id": 63, "img_name": "254", "width": 2736, "height": 3648, "position": [-3.7239678282099846, -0.8033097279224591, -0.25668854410826925], "rotation": [[-0.18128296839510114, -0.6151881361104329, 0.7672548745748261], [0.6845088831641818, 0.48123902798873114, 0.5475916241231104], [-0.7061048606539863, 0.6244618123868204, 0.3338613044834368]], "fy": 2834.4396458132587, "fx": 2834.4396458132587}, {"id": 64, "img_name": "255", "width": 2736, "height": 3648, "position": [-3.3199028940359483, -1.4471182061211767, 0.5688502186162845], "rotation": [[-0.4776872658050247, -0.5723521658184437, 0.6665042193194698], [0.6122496168885521, 0.32720265168365686, 0.7197838782238765], [-0.6300518095423109, 0.7518985456922498, 0.1941218542007555]], "fy": 2834.4396458132587, "fx": 2834.4396458132587}, {"id": 65, "img_name": "257", "width": 2736, "height": 3648, "position": [-1.696073018159373, -2.8075119879993364, 1.8751915938559216], "rotation": [[-0.920396634372509, -0.2461318464385564, 0.30379129283852835], [0.2715170154914206, 0.1567180866133978, 0.9495883063869665], [-0.2813335133509502, 0.9564823864018521, -0.07741381510188122]], "fy": 2834.4396458132587, "fx": 2834.4396458132587}, {"id": 66, "img_name": "258", "width": 2736, "height": 3648, "position": [-0.4625378655504982, -2.937133532225908, 2.1367833627152035], "rotation": [[-0.9947166875635312, -0.0652394229796899, 0.07926240705349182], [0.07367211020803595, 0.08404343905180324, 0.9937349347435869], [-0.07149217901373077, 0.9943241513921014, -0.0787930853453887]], "fy": 2834.4396458132587, "fx": 2834.4396458132587}, {"id": 67, "img_name": "259", "width": 2736, "height": 3648, "position": [0.7029988102435143, -2.7884459957694476, 2.0937803357282503], "rotation": [[-0.9781220151708598, 0.15410720256088212, -0.13974367090124423], [-0.1322987569674085, 0.05760206476393999, 0.9895347598946735], [0.16054395766572657, 0.9863736473840883, -0.03595365632637806]], "fy": 2834.4396458132587, "fx": 2834.4396458132587}, {"id": 68, "img_name": "260", "width": 2736, "height": 3648, "position": [1.7756879491895483, -2.617104180233242, 1.8210593512821547], "rotation": [[-0.8888568622187313, 0.3111557542783698, -0.3363265898886526], [-0.3165874163254674, 0.11355109976923167, 0.9417422978530607], [0.33121878918780623, 0.9435508700227331, -0.002422677920574324]], "fy": 2834.4396458132587, "fx": 2834.4396458132587}, {"id": 69, "img_name": "261", "width": 2736, "height": 3648, "position": [2.628426125189012, -2.2631610993038263, 1.3500034289031457], "rotation": [[-0.7071908059367075, 0.4679841188147517, -0.5299736111692454], [-0.4930854053494829, 0.21075130495931677, 0.8440679300206122], [0.5067030165984076, 0.858239332584522, 0.08171475371650053]], "fy": 2834.4396458132587, "fx": 2834.4396458132587}, {"id": 70, "img_name": "262", "width": 2736, "height": 3648, "position": [3.267139606395828, -1.7064331579442422, 0.7436149016148772], "rotation": [[-0.42518251612053226, 0.6066802750212598, -0.6716836099575015], [-0.6295819217602859, 0.33491956010376467, 0.7010388662923944], [0.650266431378737, 0.7209493270404161, 0.23955299217904344]], "fy": 2834.4396458132587, "fx": 2834.4396458132587}, {"id": 71, "img_name": "263", "width": 2736, "height": 3648, "position": [3.6707039424271457, -1.112462082155575, 0.06883440180450913], "rotation": [[-0.18348344127305455, 0.6538161188083123, -0.7340696898558285], [-0.6810360785153619, 0.45395684975436235, 0.574554643460057], [0.7088890509374619, 0.6053492061178656, 0.36197880064094157]], "fy": 2834.4396458132587, "fx": 2834.4396458132587}, {"id": 72, "img_name": "265", "width": 2736, "height": 3648, "position": [3.5168979163826988, 0.14836078737134065, -0.9624330824849187], "rotation": [[0.2351088828632131, 0.6701668732334048, -0.7039887607194971], [-0.626164386345837, 0.6583980567758498, 0.4176483689731425], [0.743398933595518, 0.34261984889137154, 0.5744298605353837]], "fy": 2834.4396458132587, "fx": 2834.4396458132587}, {"id": 73, "img_name": "266", "width": 2736, "height": 3648, "position": [2.434518451541384, 1.2999127825922605, -2.0998897827936434], "rotation": [[0.7474547409983407, 0.4714797245067288, -0.4679938883555664], [-0.43801615305018876, 0.8794291048879066, 0.1864035920876219], [0.4994529605740834, 0.06566063398349094, 0.8638491889899933]], "fy": 2834.4396458132587, "fx": 2834.4396458132587}, {"id": 74, "img_name": "267", "width": 2736, "height": 3648, "position": [1.4701778787635995, 1.683229636779089, -2.5707465703949857], "rotation": [[0.9454067803726001, 0.2147328928329253, -0.24514445610928595], [-0.2061520373939612, 0.9766503626475348, 0.06045995880545856], [0.25240316381502237, -0.006622225912964802, 0.9675994982533447]], "fy": 2834.4396458132587, "fx": 2834.4396458132587}, {"id": 75, "img_name": "268", "width": 2736, "height": 3648, "position": [-0.6126478121911421, 1.8722764629546673, -2.715849747167632], "rotation": [[0.9763539326990607, -0.16297982774472722, 0.14202314547769015], [0.16180124745216098, 0.9866229672984976, 0.01988659654220339], [-0.143364411295142, 0.0035631653633901774, 0.98966355365174]], "fy": 2834.4396458132587, "fx": 2834.4396458132587}, {"id": 76, "img_name": "269", "width": 2736, "height": 3648, "position": [-0.4728909575330713, 1.819697452356112, -2.6703618486814644], "rotation": [[0.9825550721355173, -0.13697207003343365, 0.12579420595371102], [0.13587562418879853, 0.9905749050540782, 0.017296595861866125], [-0.12697773415868197, 9.750825853999999e-05, 0.9919055628032672]], "fy": 2834.4396458132587, "fx": 2834.4396458132587}, {"id": 77, "img_name": "270", "width": 2736, "height": 3648, "position": [-3.1983059408367023, 1.1863621099672763, -1.9253999052838697], "rotation": [[0.48477088054452094, -0.6122519885031125, 0.6246156385730943], [0.6161365291710561, 0.7459138577674682, 0.25295907615955826], [-0.6207841579785474, 0.26222131752479166, 0.7388281328146814]], "fy": 2834.4396458132587, "fx": 2834.4396458132587}, {"id": 78, "img_name": "271", "width": 2736, "height": 3648, "position": [-3.297493613460495, 1.0004064544442377, -1.8555996716885048], "rotation": [[0.41395451262304556, -0.6195472262123741, 0.6669354511281959], [0.6246336903199678, 0.7262772720662408, 0.28697400055976885], [-0.6621740061315269, 0.29779616950621274, 0.6876358244239109]], "fy": 2834.4396458132587, "fx": 2834.4396458132587}, {"id": 79, "img_name": "273", "width": 2736, "height": 3648, "position": [-3.721698638313763, -0.5119933552742832, -0.24210741479100523], "rotation": [[-0.06678973313237352, -0.679723025859125, 0.7304216177421239], [0.7011201001659984, 0.48888336909978414, 0.5190603592655333], [-0.7099082593485768, 0.5467811806697075, 0.4439150862204552]], "fy": 2834.4396458132587, "fx": 2834.4396458132587}, {"id": 80, "img_name": "274", "width": 2736, "height": 3648, "position": [-3.6130112577515905, -1.2246415993476507, 0.4929589073631585], "rotation": [[-0.37828127659632205, -0.6260581173934516, 0.6818757287236611], [0.6416058045788537, 0.35365042052706175, 0.6806418820435266], [-0.6672670135016253, 0.6949695055948856, 0.26790318957754505]], "fy": 2834.4396458132587, "fx": 2834.4396458132587}, {"id": 81, "img_name": "275", "width": 2736, "height": 3648, "position": [-3.070085669273745, -1.8566274044595845, 1.0953466319423135], "rotation": [[-0.6224905994816151, -0.5210393907337663, 0.5839720942483506], [0.5477730004546, 0.24286877833204884, 0.8005994607070772], [-0.5589724443387023, 0.818249784488382, 0.13422777899798743]], "fy": 2834.4396458132587, "fx": 2834.4396458132587}, {"id": 82, "img_name": "276", "width": 2736, "height": 3648, "position": [-2.467531005912597, -2.264335459463253, 1.5234179176675033], "rotation": [[-0.8134799770594939, -0.37443473897249574, 0.44502691286469837], [0.4213818247144243, 0.14794379554467815, 0.8947345925804906], [-0.40085868423127247, 0.9153749284366671, 0.0374306781389205]], "fy": 2834.4396458132587, "fx": 2834.4396458132587}, {"id": 83, "img_name": "277", "width": 2736, "height": 3648, "position": [-1.4249277250767471, -2.541130328113459, 1.8391484873511819], "rotation": [[-0.9326991195928709, -0.2244771122426451, 0.28228067307183113], [0.26858782531095415, 0.09001716970564246, 0.9590398788647516], [-0.24069260978562562, 0.9703128027792833, -0.023667115523359594]], "fy": 2834.4396458132587, "fx": 2834.4396458132587}, {"id": 84, "img_name": "278", "width": 2736, "height": 3648, "position": [-0.3854526834224364, -2.6592307790080882, 1.9554546586359058], "rotation": [[-0.9912806743256192, -0.07411781419349561, 0.10894574029177953], [0.10471356728007943, 0.058782574231353156, 0.9927636565639455], [-0.07998558330115303, 0.9955155240305968, -0.05050888909944836]], "fy": 2834.4396458132587, "fx": 2834.4396458132587}, {"id": 85, "img_name": "279", "width": 2736, "height": 3648, "position": [0.5635459035343613, -2.6391397190281114, 1.9555333316869923], "rotation": [[-0.9938387961195733, 0.0985623669584292, -0.05069425161839091], [-0.046256852142291395, 0.04679809882380464, 0.997832772350339], [0.10072115446857714, 0.9940298777028932, -0.041950581360544206]], "fy": 2834.4396458132587, "fx": 2834.4396458132587}, {"id": 86, "img_name": "281", "width": 2736, "height": 3648, "position": [2.3562046332361906, -2.271921303321215, 1.5174935732649986], "rotation": [[-0.7670786754974078, 0.4588337354380944, -0.44839927388552603], [-0.4239858738324091, 0.16198165938995898, 0.8910656097122388], [0.4814834206779199, 0.8736323856435267, 0.07028634552378708]], "fy": 2834.4396458132587, "fx": 2834.4396458132587}, {"id": 87, "img_name": "282", "width": 2736, "height": 3648, "position": [2.942467791358859, -1.9247641781996436, 1.1361623788902624], "rotation": [[-0.6017632202619123, 0.5678732783611979, -0.5616057037311127], [-0.5348117384617455, 0.23573704682763263, 0.8114212525911014], [0.5931757169199853, 0.7886367886906444, 0.16184741079229348]], "fy": 2834.4396458132587, "fx": 2834.4396458132587}, {"id": 88, "img_name": "283", "width": 2736, "height": 3648, "position": [3.425224308997136, -1.2470462282466488, 0.4912973939894456], "rotation": [[-0.34148549058182787, 0.6730981966130896, -0.6559927419097673], [-0.6466235574047116, 0.3382734868219486, 0.6837024375578871], [0.6821038298758949, 0.6576548227068113, 0.31972566277843356]], "fy": 2834.4396458132587, "fx": 2834.4396458132587}, {"id": 89, "img_name": "284", "width": 2736, "height": 3648, "position": [3.6506222119560734, -0.738902829705305, -0.13706946861834465], "rotation": [[-0.0716999257172501, 0.6941215578647898, -0.7162781467834253], [-0.6695610270101009, 0.4987771639486204, 0.5503720303872187], [0.7392882737885942, 0.5190535652808179, 0.4289944575492233]], "fy": 2834.4396458132587, "fx": 2834.4396458132587}, {"id": 90, "img_name": "285", "width": 2736, "height": 3648, "position": [3.424752542563466, 0.04911535668450329, -0.8217156790659621], "rotation": [[0.20940355189903842, 0.704154739267778, -0.6784661049888888], [-0.665957504330032, 0.610757992159692, 0.42834014222294997], [0.7159963371963449, 0.36213364684849303, 0.5968320257338986]], "fy": 2834.4396458132587, "fx": 2834.4396458132587}, {"id": 91, "img_name": "286", "width": 2736, "height": 3648, "position": [3.1273667444428006, 0.7032995617848038, -1.5291224173461246], "rotation": [[0.4479094160708482, 0.6400803265856826, -0.6242390011149875], [-0.6118453529087295, 0.7285417300216019, 0.308013330460101], [0.651937434972915, 0.24397566094817147, 0.7179508741869731]], "fy": 2834.4396458132587, "fx": 2834.4396458132587}, {"id": 92, "img_name": "287", "width": 2736, "height": 3648, "position": [2.8646133432807592, 1.2632775854004616, -2.120702238565329], "rotation": [[0.6780188533209369, 0.5226816789838654, -0.5168116649186331], [-0.5019245955157762, 0.8428811642542893, 0.19396660372770022], [0.5369936079300074, 0.12788747163010797, 0.8338361107809926]], "fy": 2834.4396458132587, "fx": 2834.4396458132587}, {"id": 93, "img_name": "289", "width": 2736, "height": 3648, "position": [1.3536599824104054, 1.9341907871826758, -2.879785130548882], "rotation": [[0.9742384638180988, 0.14168193138482596, -0.1754583880480402], [-0.1402149314211096, 0.9899027057733618, 0.02079437686372764], [0.17663292055538438, 0.004343204075641764, 0.984267213694753]], "fy": 2834.4396458132587, "fx": 2834.4396458132587}, {"id": 94, "img_name": "290", "width": 2736, "height": 3648, "position": [0.18663091029557077, 2.009192062293727, -2.989862603799775], "rotation": [[0.9999953986749388, -0.0013620025101453664, -0.002710641642194519], [0.0013590790806957513, 0.9999984931959981, -0.0010800508255476864], [0.0027121085897243253, 0.0010763618795315859, 0.9999957429469897]], "fy": 2834.4396458132587, "fx": 2834.4396458132587}, {"id": 95, "img_name": "291", "width": 2736, "height": 3648, "position": [0.217792420975024, 1.686181750693573, -3.8746878387155155], "rotation": [[0.997950429956427, 0.015120847750363984, -0.062179573117645284], [-0.017168160101905472, 0.999323479341004, -0.032524420310053676], [0.0616457105441865, 0.03352526809885348, 0.9975348930089626]], "fy": 2834.4396458132587, "fx": 2834.4396458132587}, {"id": 96, "img_name": "292", "width": 2736, "height": 3648, "position": [-0.9221920595227774, 1.5107590292324995, -3.505383811359144], "rotation": [[0.9715134987337481, -0.17071817561764463, 0.1643679600527263], [0.170672135146373, 0.9852210431837773, 0.014509250581866846], [-0.16441576585805207, 0.013957097895058418, 0.9862923782305417]], "fy": 2834.4396458132587, "fx": 2834.4396458132587}, {"id": 97, "img_name": "293", "width": 2736, "height": 3648, "position": [-2.3255360975547372, 1.1747786548197523, -2.9518086307095777], "rotation": [[0.7963998326537564, -0.4393461176204652, 0.4155987192965029], [0.42114056563516095, 0.8960836559249747, 0.1402665518241183], [-0.43403678476088375, 0.06331722132213041, 0.8986673461067107]], "fy": 2834.4396458132587, "fx": 2834.4396458132587}, {"id": 98, "img_name": "294", "width": 2736, "height": 3648, "position": [-3.3364200058478826, 0.7571529058982565, -2.6045285533580262], "rotation": [[0.5494934164769748, -0.5884252103003267, 0.5931380590819291], [0.5894972625843395, 0.7761348434919636, 0.22384745279603965], [-0.5920725991413824, 0.22665056055682128, 0.7733560375048782]], "fy": 2834.4396458132587, "fx": 2834.4396458132587}, {"id": 99, "img_name": "295", "width": 2736, "height": 3648, "position": [-3.601217885634612, -0.22446064897976864, -1.6483949570574183], "rotation": [[0.20387155370051022, -0.6679529773018446, 0.715734035592371], [0.6897507962597014, 0.6168229076530473, 0.3791745503769317], [-0.6947519187816955, 0.41637521625097, 0.5864737424992787]], "fy": 2834.4396458132587, "fx": 2834.4396458132587}, {"id": 100, "img_name": "297", "width": 2736, "height": 3648, "position": [-3.4993511990687547, -1.8823370023239285, 0.06915333743006889], "rotation": [[-0.3993246920303632, -0.6089728486475657, 0.685340688960552], [0.6421735548602092, 0.3477280537855752, 0.6831532229659011], [-0.6543339482046284, 0.7129076168905513, 0.2522098610411131]], "fy": 2834.4396458132587, "fx": 2834.4396458132587}, {"id": 101, "img_name": "298", "width": 2736, "height": 3648, "position": [-2.939233196543477, -2.692505823751209, 0.8944381061113874], "rotation": [[-0.6411057298690135, -0.49157261492825993, 0.5893554168595652